10    23
26    7
30    13
5    25
15    13
30    28
9    26
2    28
30    24
6    15
9    5
15    7
30    20
20    11
3    19
26    20
17    7
20    9
21    25
19    30
31    5
4    31
2    1
3    23
14    9
1    8
2    25
14    25
18    22
10    11
1    19
14    0
20    15
8    2
13    9
11    3
1    5
13    20
22    11
9    25
21    0
22    10
9    21
23    27
2    19
12    22
9    12
25    0
13    30
2    14
20    3
6    21
15    31
29    25
27    22
5    28
19    8
24    26
21    22
18    13
13    18
25    1
30    2
20    26
23    13
24    8
3    12
4    14
6    31
9    0
13    29
18    21
7    17
4    11
26    22
7    22
20    2
31    26
1    16
20    18
21    20
6    22
16    15
3    0
18    25
13    2
23    6
24    23
5    18
18    23
16    9
3    28
12    21
6    0
19    20
31    19
22    8
12    16
11    29
29    19
18    28
31    18
14    19
12    3
5    0
18    27
6    28
11    1
30    29
30    22
10    4
9    29
27    16
17    21
25    13
1    28
12    17
21    14
21    19
8    26
26    18
5    7
29    11
27    30
23    11
5    23
7    27
16    23
14    8
28    23
11    25
7    2
23    7
27    12
14    13
24    22
16    4
6    29
3    13
28    14
23    26
18    5
19    13
9    8
16    19
11    12
22    5
4    8
20    12
31    16
8    0
1    2
27    28
26    16
10    15
22    17
12    0
14    23
26    19
19    4
