28    25
31    33
42    4
54    17
30    47
25    34
10    23
61    30
37    23
33    9
24    56
38    25
39    26
33    51
31    58
4    39
41    2
38    16
34    22
43    31
41    34
56    38
60    1
30    27
50    12
6    52
33    17
17    26
9    41
49    63
8    46
44    63
58    37
58    50
29    58
8    42
30    5
63    7
28    5
10    24
59    33
60    11
6    23
13    34
63    1
49    54
20    2
59    41
13    56
9    27
57    58
22    24
44    28
51    46
39    33
10    19
49    1
60    49
13    38
16    20
62    42
56    39
35    4
8    7
24    62
53    5
34    12
40    1
27    39
56    43
16    48
3    15
29    3
38    48
24    14
29    41
18    48
28    26
8    50
28    13
21    36
52    9
54    12
52    50
5    11
3    23
10    14
62    22
12    32
37    46
32    60
45    59
41    4
59    40
48    9
22    25
53    59
12    25
43    30
35    23
31    25
20    14
49    32
32    42
28    36
22    31
23    16
21    6
23    58
44    42
6    37
36    52
21    15
0    61
16    55
31    21
54    32
7    6
50    18
41    49
32    26
7    18
20    56
17    1
8    55
0    27
3    29
29    57
52    62
53    38
45    63
53    49
5    33
16    29
22    38
52    42
44    62
24    39
38    15
32    11
19    21
23    19
21    1
22    36
34    57
36    49
11    12
11    30
59    11
14    20
52    39
46    62
60    10
28    16
40    38
29    52
43    21
2    50
39    56
10    33
27    48
38    1
12    41
15    55
26    44
29    4
32    13
32    14
3    2
57    0
35    49
31    60
12    39
52    5
45    5
35    12
51    17
52    23
51    49
59    58
0    35
22    34
37    21
26    61
40    4
60    3
46    21
14    32
47    22
52    15
51    16
51    55
1    21
49    10
37    27
44    53
26    13
56    20
45    7
50    60
58    57
1    10
33    15
14    18
20    47
35    36
13    25
18    5
57    35
41    53
40    43
17    13
12    29
54    30
25    54
13    51
36    60
32    62
11    32
5    2
56    10
50    30
24    35
32    31
37    40
54    7
52    29
50    55
2    29
45    34
46    61
51    35
43    0
21    54
27    47
2    18
35    17
26    19
18    45
17    61
53    46
16    5
15    46
48    57
43    4
16    21
27    2
26    4
3    7
32    12
1    14
13    32
3    43
62    17
33    47
44    59
13    10
23    53
42    9
51    43
55    6
34    11
50    56
46    53
51    57
57    62
43    23
1    12
54    60
48    37
34    8
16    49
38    12
29    8
7    37
60    42
50    22
14    8
14    44
63    35
6    2
15    63
15    14
47    1
32    25
24    10
16    25
18    55
37    17
27    43
14    28
24    7
53    26
37    60
50    20
8    38
16    52
49    61
39    36
7    9
46    17
30    61
47    14
27    46
40    5
15    58
40    53
47    53
19    46
18    9
28    6
25    13
43    60
15    7
30    20
61    60
45    26
5    48
47    15
16    40
45    54
9    26
24    32
53    45
29    35
26    37
63    12
44    5
60    50
23    17
28    24
53    11
34    41
45    61
38    9
35    15
42    20
45    44
42    0
2    16
39    45
46    36
18    11
19    41
8    21
4    38
3    22
26    9
39    54
46    16
18    60
63    15
50    34
49    8
20    6
21    38
58    52
40    0
0    25
6    51
44    18
30    34
34    15
50    49
28    12
24    34
52    44
9    54
20    42
36    9
20    61
8    41
25    21
29    44
47    27
43    58
34    36
10    35
46    0
9    4
40    13
57    2
25    29
0    62
