103.013
16.9687
9.00701
84.8259
4.42743
-84.2084
-123.144
84.7677
51.2658
-72.0086
120.129
-55.7996
-95.472
10.0241
26.6902
70.8212
-107.395
75.1137
99.4652
30.91
81.0779
-11.1291
88.8832
100.083
-78.117
111.524
-55.5284
109.844
-122.157
21.0509
10.1686
-103.923
60.8815
3.44821
98.0545
-126.117
28.5419
-40.2688
66.3509
23.15
-38.4802
-80.0263
21.2077
85.7171
-120.179
-13.5062
72.7953
47.3701
-10.1225
111.206
-8.4499
62.459
-107.834
112.384
61.5562
78.5324
-41.6428
12.8745
61.4046
91.9035
-82.0708
-35.6679
82.0428
76.7353
-37.3875
108.768
-27.8563
43.1968
-7.41723
10.5641
-113.629
4.56668
-47.7789
51.8015
-28.7237
57.3471
-7.11822
-83.9341
-121.072
86.0902
5.62354
50.7945
-57.1017
36.0381
-4.15083
125.005
-38.7674
-43.4551
17.7132
-21.9804
-17.2446
-37.6236
-20.652
37.3969
49.5723
-117.706
81.8881
38.1183
-114.302
-54.1806
-20.9457
-34.5061
-104.293
-27.7074
-14.036
-127.055
-123.092
-75.0508
-67.3977
47.184
-67.2236
-99.6583
50.715
-113.089
109.635
-51.4834
-1.57912
83.7084
-88.2642
63.6555
