3
4
11
23
25
29
31
43
47
55
56
71
73
74
75
76
84
89
97
99
105
105
106
108
111
122
123
128
132
137
140
151
154
155
160
165
167
167
170
178
183
185
186
187
188
194
196
202
203
204
211
212
217
233
239
242
245
249
249
254
254
255
256
267
267
270
272
273
273
277
283
292
306
306
311
311
313
318
320
325
329
331
333
337
338
338
344
349
353
357
365
370
373
374
380
382
382
398
401
403
404
410
414
416
424
427
427
441
442
445
449
451
451
453
466
466
467
469
469
479
480
491
493
494
495
504
507
508
508
518
529
530
537
542
544
547
550
555
559
569
569
572
575
577
590
592
593
599
599
600
602
603
605
612
613
617
619
632
638
644
653
658
658
661
665
668
668
671
674
676
679
681
685
694
695
696
699
702
706
710
716
717
731
750
752
759
759
759
761
768
769
769
772
778
779
783
785
785
789
809
809
809
811
811
819
823
828
835
838
854
854
865
870
872
875
875
876
877
881
884
885
886
901
912
919
926
926
938
939
941
941
941
951
954
957
960
961
971
972
973
982
991
992
992
998
1014
1022
1023
1034
1044
1052
1054
1058
1060
1073
1081
1098
1100
1102
1107
1108
1116
1121
1130
1139
1146
1147
1151
1152
1156
1156
1161
1162
1166
1170
1171
1172
1176
1180
1183
1191
1193
1216
1219
1220
1224
1234
1244
1246
1249
1252
1254
1259
1259
1263
1263
1264
1265
1272
1277
1284
1287
1289
1290
1291
1291
1293
1308
1309
1309
1316
1320
1321
1324
1326
1327
1330
1330
1349
1350
1350
1358
1361
1362
1364
1368
1368
1372
1374
1390
1395
1396
1415
1416
1426
1426
1434
1434
1443
1444
1445
1447
1447
1451
1462
1462
1463
1477
1478
1478
1480
1485
1486
1490
1492
1499
1500
1501
1503
1503
1507
1508
1510
1521
1528
1532
1533
1542
1553
1564
1566
1582
1582
1590
1590
1595
1597
1604
1609
1609
1610
1612
1614
1616
1619
1622
1624
1631
1637
1638
1639
1642
1643
1646
1652
1653
1660
1660
1661
1663
1664
1666
1668
1669
1675
1678
1681
1706
1708
1710
1720
1721
1723
1726
1726
1736
1747
1757
1758
1758
1759
1760
1770
1788
1793
1796
1799
1800
1803
1811
1812
1814
1816
1818
1825
1828
1838
1845
1849
1854
1855
1859
1866
1871
1879
1885
1893
1894
1904
1921
1928
1930
1930
1940
1941
1947
1949
1951
1954
1955
1956
1958
1964
1967
1969
1974
1975
1975
1977
1983
1985
1990
1994
2005
2009
2018
2019
2019
2027
2029
2031
2034
2037
2039
2040
2043
2046
2047
2047
2051
2052
2065
2070
2072
2076
2077
2078
2089
2090
2091
2098
2109
2120
2122
2123
2125
2128
2133
2134
2135
2142
2142
2143
2147
2154
2155
2158
2160
2163
2164
2169
2170
2174
2174
2175
2178
2187
2190
2196
2197
2200
2202
2203
2212
2213
2213
2213
2216
2217
2222
2223
2233
2245
2247
2251
2254
2255
2260
2260
2261
2268
2275
2276
2280
2282
2282
2293
2298
2298
2299
2302
2305
2307
2308
2313
2327
2336
2337
2341
2346
2349
2351
2358
2358
2369
2374
2377
2378
2380
2396
2398
2401
2403
2408
2409
2414
2419
2422
2422
2436
2439
2439
2443
2443
2451
2452
2457
2460
2463
2471
2486
2489
2493
2509
2517
2518
2532
2538
2547
2554
2555
2555
2556
2561
2567
2576
2576
2577
2578
2587
2589
2590
2598
2602
2603
2611
2614
2623
2623
2627
2636
2636
2637
2641
2643
2647
2650
2653
2657
2667
2670
2674
2678
2682
2687
2687
2694
2694
2694
2711
2714
2716
2717
2720
2722
2723
2725
2732
2736
2744
2748
2748
2755
2765
2772
2774
2777
2779
2800
2802
2810
2829
2830
2831
2848
2849
2850
2852
2852
2853
2859
2859
2863
2870
2877
2877
2877
2878
2888
2890
2894
2895
2898
2898
2898
2905
2905
2906
2910
2920
2920
2922
2923
2924
2926
2927
2946
2949
2952
2955
2970
2973
2974
2978
2979
2980
2981
2982
2984
2989
2991
2993
3012
3014
3015
3017
3019
3020
3021
3021
3022
3023
3024
3033
3036
3037
3043
3049
3050
3052
3058
3064
3065
3068
3079
3084
3093
3097
3107
3118
3120
3121
3122
3124
3128
3131
3131
3134
3144
3152
3156
3159
3169
3173
3177
3179
3182
3183
3184
3189
3190
3191
3203
3205
3208
3216
3218
3219
3220
3224
3224
3226
3234
3237
3248
3251
3253
3254
3254
3259
3260
3266
3291
3294
3299
3302
3302
3307
3308
3316
3322
3323
3330
3332
3337
3344
3346
3351
3351
3358
3363
3363
3369
3386
3388
3391
3393
3393
3395
3397
3401
3403
3404
3414
3418
3421
3423
3423
3438
3451
3453
3457
3457
3460
3461
3467
3472
3474
3480
3480
3481
3485
3486
3495
3507
3514
3515
3526
3537
3540
3541
3541
3545
3549
3551
3552
3554
3557
3559
3563
3564
3575
3581
3582
3587
3602
3603
3617
3618
3625
3636
3639
3639
3642
3662
3664
3669
3670
3672
3677
3692
3695
3697
3697
3699
3701
3711
3720
3724
3728
3745
3745
3751
3766
3779
3788
3800
3802
3804
3804
3812
3817
3818
3818
3823
3829
3830
3837
3839
3860
3863
3864
3865
3866
3867
3868
3873
3876
3882
3893
3904
3904
3907
3907
3914
3917
3919
3920
3920
3923
3923
3927
3931
3938
3939
3945
3958
3960
3964
3971
3976
3976
3979
3985
3990
3993
3998
3999
3999
4001
4009
4010
4011
4013
4015
4017
4019
4022
4022
4031
4032
4036
4051
4057
4057
4060
4061
4063
4071
4072
4080
4085
4087
4102
4104
4119
4121
4128
4129
4129
4134
4135
4136
4148
4148
4153
4153
4154
4154
4163
4163
4170
4175
4176
4177
4188
4189
4195
4197
4204
4204
4212
4214
4219
4220
4246
4251
4254
4255
4259
4265
4272
4275
4276
4283
4284
4286
4288
4288
4293
4297
4309
4311
4315
4321
4324
4324
4324
4335
4335
4335
4342
4344
4346
4353
4362
4363
4368
4376
4379
4388
4391
4394
4396
4399
4399
4400
4403
4410
4411
4412
4415
4416
4417
4418
4421
4422
4432
4440
4440
4441
4442
4445
4451
4452
4453
4458
4468
4471
4475
4476
4476
4479
4479
4483
4485
4487
4492
4496
4498
4501
4515
4516
4517
4517
4519
4522
4525
4526
4531
4532
4539
4545
4546
4552
4560
4566
4566
4573
4574
4576
4578
4588
4592
4597
4599
4601
4603
4605
4610
4611
4614
4622
4625
4634
4635
4638
4645
4656
4658
4660
4664
4665
4665
4666
4673
4673
4674
4674
4677
4682
4691
4692
4710
4725
4726
4728
4735
4739
4745
4750
4751
4755
4757
4762
4768
4770
4770
4777
4781
4790
4792
4801
4805
4806
4814
4818
4825
4825
4828
4834
4838
4843
4844
4845
4845
4853
4865
4865
4872
4878
4883
4884
4893
4897
4898
4916
4917
4919
4920
4921
4928
4936
4936
4943
4953
4956
4966
4970
4972
4981
4984
4985
4989
4990
4992
4995
5012
5020
5032
5032
5037
5043
5045
5047
5047
5049
5053
5059
5065
5068
5069
5072
5075
5084
5098
5098
5107
5109
5111
5114
5119
5121
5123
5130
5144
5144
5149
5150
5152
5153
5154
5155
5155
5159
5160
5160
5165
5169
5171
5172
5178
5178
5179
5183
5187
5188
5189
5199
5203
5204
5205
5210
5210
5212
5222
5225
5241
5248
5251
5252
5254
5259
5260
5262
5263
5264
5265
5269
5270
5277
5277
5284
5284
5287
5296
5302
5305
5309
5313
5315
5322
5324
5328
5330
5335
5336
5337
5338
5340
5353
5354
5363
5367
5369
5372
5376
5377
5378
5383
5385
5397
5399
5409
5412
5415
5421
5425
5432
5440
5441
5446
5447
5448
5452
5465
5467
5482
5483
5485
5485
5492
5494
5497
5500
5500
5505
5508
5508
5511
5511
5532
5535
5540
5545
5545
5549
5557
5564
5568
5573
5582
5593
5595
5596
5602
5605
5607
5609
5610
5612
5613
5615
5617
5620
5625
5632
5632
5632
5634
5635
5638
5640
5643
5652
5653
5659
5667
5673
5679
5680
5680
5683
5684
5686
5688
5689
5707
5708
5709
5713
5714
5715
5715
5722
5741
5743
5751
5760
5762
5762
5764
5769
5789
5800
5809
5810
5816
5821
5822
5823
5823
5824
5827
5827
5829
5835
5839
5842
5843
5847
5850
5852
5855
5857
5860
5862
5864
5870
5878
5880
5882
5883
5883
5885
5899
5906
5908
5911
5916
5924
5928
5929
5932
5933
5939
5939
5940
5941
5947
5950
5954
5961
5962
5971
5971
5973
5978
5991
5993
5999
6006
6008
6008
6015
6016
6036
6041
6046
6049
6054
6055
6059
6086
6086
6088
6093
6094
6096
6101
6103
6106
6107
6108
6112
6114
6116
6117
6119
6120
6122
6136
6141
6141
6144
6159
6160
6161
6162
6169
6171
6174
6175
6176
6178
6183
6185
6188
6190
6192
6197
6198
6199
6210
6210
6211
6218
6223
6226
6233
6234
6237
6238
6239
6253
6254
6257
6265
6281
6283
6285
6287
6295
6301
6306
6307
6307
6318
6326
6331
6331
6332
6333
6339
6344
6359
6368
6370
6378
6383
6393
6394
6398
6404
6407
6412
6412
6422
6425
6425
6427
6431
6435
6437
6440
6446
6447
6447
6453
6457
6463
6466
6468
6471
6474
6478
6483
6483
6483
6494
6495
6500
6501
6513
6513
6525
6527
6534
6534
6539
6546
6547
6548
6564
6570
6571
6571
6574
6577
6580
6581
6586
6596
6599
6601
6604
6607
6607
6610
6610
6611
6613
6615
6618
6626
6629
6641
6645
6651
6654
6661
6665
6667
6672
6675
6691
6700
6704
6705
6707
6708
6718
6720
6720
6722
6726
6729
6739
6743
6743
6747
6748
6749
6751
6758
6760
6768
6774
6790
6796
6799
6801
6807
6808
6813
6815
6823
6824
6834
6836
6841
6851
6856
6856
6861
6868
6873
6873
6877
6888
6889
6890
6891
6893
6898
6901
6905
6906
6907
6908
6914
6915
6920
6933
6934
6937
6939
6940
6949
6949
6955
6959
6966
6966
6972
6973
6979
6979
6980
6988
6988
6989
6990
6991
6998
7003
7007
7012
7015
7024
7025
7034
7040
7044
7051
7053
7057
7057
7063
7066
7071
7071
7073
7075
7087
7090
7092
7102
7106
7111
7115
7120
7121
7123
7127
7128
7132
7139
7141
7146
7147
7149
7149
7151
7153
7160
7163
7165
7166
7167
7179
7189
7193
7197
7208
7212
7213
7219
7220
7231
7232
7244
7259
7267
7272
7277
7277
7292
7292
7301
7301
7306
7306
7311
7315
7316
7323
7332
7333
7340
7340
7341
7341
7344
7344
7344
7345
7349
7352
7354
7354
7356
7360
7361
7362
7363
7364
7365
7370
7376
7383
7383
7384
7385
7388
7389
7390
7397
7398
7402
7407
7408
7409
7417
7418
7428
7436
7439
7442
7445
7450
7463
7463
7466
7480
7482
7482
7486
7488
7489
7489
7496
7510
7512
7513
7521
7524
7525
7535
7536
7543
7545
7549
7554
7557
7560
7563
7565
7570
7570
7573
7573
7575
7576
7577
7580
7582
7583
7589
7591
7595
7597
7600
7604
7616
7620
7622
7629
7630
7630
7632
7635
7645
7649
7656
7659
7661
7664
7681
7683
7685
7690
7693
7694
7701
7705
7706
7706
7710
7716
7725
7733
7742
7743
7745
7746
7747
7762
7773
7773
7778
7789
7812
7812
7817
7826
7830
7831
7831
7834
7841
7845
7847
7852
7852
7855
7858
7863
7863
7864
7868
7871
7880
7883
7892
7900
7903
7905
7909
7911
7915
7917
7918
7919
7920
7921
7925
7936
7938
7940
7941
7944
7946
7947
7955
7958
7959
7959
7962
7964
7965
7969
7983
7991
7993
7995
8001
8009
8011
8018
8019
8019
8023
8024
8026
8026
8027
8029
8030
8035
8039
8045
8047
8055
8070
8074
8074
8083
8093
8097
8100
8101
8101
8106
8112
8120
8123
8127
8133
8137
8148
8154
8154
8157
8166
8167
8184
8194
8202
8202
8204
8209
8209
8216
8218
8221
8225
8232
8234
8238
8238
8240
8248
8257
8260
8266
8266
8266
8274
8275
8285
8288
8290
8290
8290
8293
8293
8293
8301
8310
8315
8332
8333
8334
8336
8341
8342
8344
8346
8346
8351
8355
8357
8360
8361
8362
8364
8364
8364
8366
8376
8381
8386
8392
8396
8399
8405
8405
8408
8412
8413
8414
8414
8417
8417
8420
8424
8429
8430
8432
8434
8436
8436
8458
8458
8459
8469
8470
8470
8471
8484
8502
8507
8507
8509
8512
8515
8520
8522
8525
8526
8530
8532
8538
8540
8543
8563
8563
8564
8568
8571
8576
8576
8585
8586
8589
8590
8595
8604
8605
8606
8608
8611
8611
8613
8614
8614
8619
8624
8629
8635
8636
8640
8656
8660
8664
8666
8668
8669
8688
8692
8705
8705
8705
8706
8707
8719
8737
8739
8739
8740
8743
8753
8766
8777
8783
8784
8786
8790
8791
8793
8794
8794
8796
8797
8803
8804
8804
8804
8806
8816
8817
8821
8822
8822
8825
8826
8827
8840
8845
8846
8850
8851
8853
8858
8859
8872
8874
8877
8877
8878
8879
8880
8886
8887
8889
8890
8892
8895
8897
8902
8903
8907
8915
8916
8921
8926
8930
8935
8935
8943
8948
8951
8952
8958
8963
8965
8967
8969
8970
8973
8976
8986
8987
8992
8992
8995
8999
9001
9002
9003
9004
9015
9026
9028
9033
9037
9039
9049
9055
9058
9059
9063
9064
9066
9067
9070
9070
9073
9077
9085
9090
9096
9098
9102
9104
9108
9111
9116
9117
9118
9119
9122
9125
9129
9133
9134
9139
9141
9145
9149
9151
9156
9156
9158
9159
9160
9165
9165
9167
9169
9170
9172
9178
9180
9180
9183
9188
9190
9193
9199
9200
9207
9207
9218
9219
9220
9223
9223
9227
9227
9228
9230
9231
9237
9242
9243
9257
9258
9266
9267
9272
9277
9285
9288
9288
9297
9299
9302
9303
9306
9309
9310
9311
9313
9318
9320
9327
9328
9328
9334
9339
9342
9343
9344
9345
9349
9350
9353
9354
9355
9361
9361
9362
9362
9363
9366
9375
9376
9386
9390
9392
9397
9399
9399
9401
9412
9413
9414
9418
9420
9424
9432
9436
9439
9443
9446
9449
9456
9460
9461
9469
9472
9486
9492
9492
9494
9498
9504
9506
9514
9524
9535
9550
9554
9558
9565
9566
9568
9573
9573
9591
9595
9598
9600
9609
9620
9632
9639
9642
9643
9648
9649
9652
9653
9654
9654
9657
9660
9664
9667
9669
9671
9671
9681
9688
9690
9696
9701
9704
9705
9721
9731
9739
9746
9753
9761
9762
9765
9766
9768
9769
9769
9776
9779
9782
9787
9791
9796
9796
9799
9799
9800
9809
9815
9821
9831
9846
9852
9860
9864
9870
9879
9881
9882
9890
9891
9899
9901
9903
9905
9907
9909
9914
9915
9916
9917
9918
9919
9920
9929
9930
9939
9940
9940
9941
9945
9949
9962
9973
9976
9977
9987
9998
10000
10006
10007
10008
10016
10018
10019
10021
10024
10028
10036
10037
10037
10037
10046
10051
10052
10057
10060
10063
10065
10067
10069
10075
10081
10087
10093
10095
10100
10101
10102
10117
10123
10124
10131
10135
10136
10136
10141
10143
10151
10154
10155
10156
10160
10160
10161
10173
10175
10175
10176
10178
10184
10188
10193
10214
10214
10215
10221
10225
10228
10229
10233
10236
10260
10272
10282
10286
10293
10294
10297
10300
10305
10307
10308
10310
10313
10316
10317
10326
10327
10330
10335
10336
10339
10344
10350
10351
10353
10354
10355
10355
10358
10361
10362
10365
10371
10374
10380
10390
10403
10413
10416
10418
10420
10420
10422
10423
10426
10430
10430
10432
10436
10441
10441
10448
10450
10456
10462
10464
10465
10467
10472
10475
10485
10488
10493
10496
10508
10513
10520
10525
10526
10529
10534
10535
10540
10541
10541
10544
10548
10552
10553
10553
10555
10562
10566
10570
10572
10577
10581
10584
10586
10587
10587
10589
10590
10591
10600
10605
10607
10624
10639
10641
10647
10657
10659
10659
10666
10667
10672
10674
10682
10685
10690
10694
10698
10703
10709
10711
10724
10724
10724
10727
10729
10740
10742
10750
10759
10760
10763
10771
10774
10775
10777
10781
10782
10785
10801
10819
10821
10822
10822
10841
10843
10844
10850
10850
10853
10864
10866
10872
10872
10873
10873
10873
10874
10875
10877
10881
10887
10889
10893
10898
10899
10902
10906
10909
10916
10916
10918
10926
10937
10943
10950
10955
10957
10965
10970
10973
10973
10978
10984
10985
10986
10993
10998
11004
11011
11012
11013
11019
11020
11027
11029
11039
11040
11044
11045
11048
11049
11050
11055
11057
11060
11062
11066
11069
11073
11081
11089
11090
11097
11097
11104
11110
11120
11121
11123
11136
11150
11152
11163
11165
11168
11171
11176
11177
11189
11196
11198
11213
11215
11219
11220
11221
11222
11224
11225
11227
11229
11237
11237
11241
11243
11248
11259
11262
11262
11264
11267
11296
11297
11304
11308
11311
11313
11313
11314
11316
11322
11323
11324
11325
11325
11329
11330
11332
11337
11339
11340
11340
11348
11353
11359
11367
11373
11374
11387
11388
11388
11394
11397
11399
11400
11407
11410
11413
11414
11416
11416
11421
11444
11449
11451
11463
11468
11468
11472
11473
11478
11479
11481
11491
11498
11502
11506
11509
11511
11512
11516
11522
11526
11530
11537
11538
11541
11541
11543
11545
11547
11548
11548
11551
11565
11570
11573
11574
11579
11582
11584
11589
11589
11593
11602
11609
11617
11617
11619
11620
11624
11628
11631
11632
11640
11642
11644
11646
11666
11667
11672
11693
11704
11710
11723
11732
11738
11740
11751
11755
11757
11759
11764
11768
11772
11773
11773
11774
11777
11779
11782
11782
11786
11788
11788
11789
11796
11807
11808
11809
11815
11819
11821
11825
11832
11834
11841
11845
11847
11853
11853
11855
11863
11869
11871
11871
11874
11885
11891
11892
11895
11897
11897
11906
11915
11923
11925
11927
11927
11928
11929
11933
11934
11936
11947
11952
11960
11963
11968
11972
11972
11972
11979
11980
11981
11998
12010
12013
12013
12014
12014
12015
12016
12018
12025
12026
12026
12029
12029
12036
12037
12053
12054
12055
12063
12069
12070
12071
12073
12077
12079
12080
12080
12084
12084
12086
12087
12100
12106
12110
12110
12113
12114
12114
12115
12117
12118
12118
12118
12120
12131
12132
12137
12143
12144
12146
12148
12152
12158
12161
12165
12168
12169
12181
12182
12188
12191
12194
12200
12210
12211
12212
12213
12216
12226
12233
12235
12253
12253
12256
12262
12270
12277
12278
12279
12280
12282
12285
12297
12297
12299
12307
12317
12318
12320
12321
12323
12324
12324
12328
12330
12332
12338
12344
12345
12354
12363
12365
12365
12368
12370
12373
12377
12384
12387
12402
12404
12404
12409
12412
12416
12419
12421
12431
12435
12438
12443
12452
12453
12458
12461
12463
12463
12469
12473
12474
12476
12477
12483
12491
12492
12506
12508
12513
12515
12518
12521
12521
12526
12530
12531
12535
12538
12539
12539
12542
12543
12543
12545
12548
12549
12554
12568
12578
12581
12591
12593
12600
12603
12606
12607
12607
12608
12614
12616
12621
12621
12624
12625
12625
12629
12631
12644
12648
12652
12658
12663
12664
12668
12671
12675
12679
12681
12684
12685
12690
12693
12701
12702
12703
12703
12706
12709
12710
12712
12712
12714
12721
12723
12743
12745
12748
12750
12756
12757
12760
12760
12773
12774
12778
12780
12783
12783
12784
12785
12788
12789
12801
12801
12802
12805
12808
12810
12818
12821
12825
12826
12828
12841
12844
12852
12858
12862
12863
12864
12867
12870
12872
12873
12886
12888
12892
12901
12904
12906
12906
12909
12911
12912
12916
12924
12927
12932
12942
12944
12947
12947
12949
12952
12953
12957
12976
12978
12993
12994
12994
12998
13003
13006
13008
13009
13011
13019
13019
13020
13021
13031
13032
13034
13042
13046
13049
13050
13051
13058
13060
13065
13066
13067
13069
13089
13100
13106
13107
13109
13117
13117
13128
13130
13134
13135
13141
13147
13149
13149
13154
13156
13165
13168
13168
13173
13174
13175
13178
13178
13182
13187
13188
13191
13192
13202
13205
13206
13210
13227
13227
13228
13229
13233
13235
13240
13242
13245
13251
13252
13253
13254
13255
13276
13279
13287
13287
13289
13295
13296
13298
13305
13310
13311
13318
13321
13323
13323
13327
13328
13337
13340
13345
13351
13356
13359
13362
13363
13378
13400
13407
13408
13410
13416
13417
13423
13431
13432
13436
13442
13442
13443
13446
13449
13450
13464
13474
13478
13479
13479
13481
13484
13492
13501
13503
13508
13521
13526
13527
13531
13535
13535
13540
13550
13559
13560
13572
13572
13573
13574
13575
13580
13590
13592
13592
13595
13602
13613
13613
13623
13623
13624
13629
13638
13642
13643
13646
13646
13651
13652
13659
13663
13665
13667
13671
13674
13680
13682
13685
13688
13689
13692
13704
13704
13704
13709
13713
13720
13725
13726
13729
13731
13736
13745
13748
13749
13753
13754
13755
13759
13760
13761
13761
13761
13766
13773
13775
13776
13777
13779
13779
13787
13793
13793
13794
13795
13800
13808
13808
13810
13810
13812
13812
13812
13813
13815
13823
13825
13827
13834
13836
13837
13837
13838
13845
13845
13846
13857
13858
13859
13862
13862
13863
13864
13866
13867
13877
13878
13884
13889
13889
13898
13898
13902
13906
13913
13916
13918
13924
13927
13931
13935
13941
13949
13952
13953
13957
13964
13966
13972
13974
13974
13977
13980
13984
13986
13990
13990
13990
13991
13993
13996
13997
14004
14012
14014
14016
14016
14018
14021
14036
14039
14039
14039
14041
14045
14045
14047
14048
14057
14060
14060
14069
14077
14079
14080
14084
14085
14089
14095
14106
14106
14109
14110
14113
14120
14125
14130
14151
14153
14153
14165
14178
14203
14214
14217
14222
14222
14224
14226
14244
14248
14249
14260
14266
14270
14275
14276
14277
14277
14282
14282
14284
14291
14294
14296
14298
14298
14300
14303
14305
14314
14317
14319
14321
14322
14326
14329
14350
14361
14365
14366
14381
14383
14389
14400
14416
14418
14420
14421
14429
14434
14444
14445
14457
14458
14459
14460
14462
14465
14469
14480
14481
14483
14491
14493
14503
14504
14508
14509
14510
14510
14511
14511
14524
14524
14526
14526
14530
14531
14532
14537
14544
14552
14555
14561
14563
14564
14569
14570
14570
14574
14575
14577
14578
14584
14585
14591
14595
14596
14607
14609
14609
14624
14624
14625
14627
14630
14649
14658
14660
14662
14664
14674
14679
14687
14689
14690
14691
14693
14694
14700
14705
14709
14709
14715
14719
14721
14722
14723
14724
14734
14734
14737
14738
14742
14748
14749
14752
14766
14770
14776
14779
14785
14792
14800
14802
14813
14814
14814
14815
14817
14817
14824
14826
14831
14835
14839
14850
14855
14865
14867
14870
14876
14882
14883
14884
14885
14886
14893
14893
14900
14903
14906
14906
14908
14920
14922
14923
14923
14932
14934
14934
14938
14940
14940
14950
14952
14955
14955
14962
14966
14967
14981
14986
14990
14992
15003
15012
15015
15016
15016
15023
15024
15025
15026
15026
15027
15030
15031
15031
15032
15033
15054
15059
15062
15062
15069
15075
15078
15082
15091
15093
15093
15094
15102
15104
15111
15121
15121
15123
15128
15132
15146
15146
15150
15165
15168
15172
15183
15187
15188
15189
15194
15194
15214
15218
15221
15227
15235
15248
15250
15251
15254
15258
15262
15263
15264
15267
15278
15278
15284
15284
15285
15285
15301
15304
15305
15312
15315
15315
15326
15329
15341
15344
15363
15363
15365
15368
15370
15375
15379
15385
15385
15385
15386
15390
15392
15394
15397
15407
15409
15409
15410
15411
15417
15424
15425
15428
15430
15435
15435
15436
15440
15440
15440
15442
15443
15447
15449
15455
15459
15459
15461
15470
15472
15473
15474
15485
15485
15488
15512
15517
15521
15532
15535
15544
15554
15556
15566
15566
15576
15584
15596
15601
15603
15606
15612
15616
15616
15619
15620
15632
15633
15638
15640
15644
15645
15652
15653
15656
15661
15662
15668
15674
15675
15683
15689
15705
15705
15705
15707
15709
15715
15719
15723
15728
15732
15733
15733
15735
15735
15744
15766
15767
15768
15770
15771
15772
15773
15773
15777
15781
15782
15783
15799
15800
15801
15805
15806
15807
15811
15827
15829
15831
15833
15835
15839
15839
15841
15848
15851
15852
15853
15860
15880
15881
15886
15887
15889
15889
15892
15897
15900
15901
15904
15908
15909
15912
15914
15914
15915
15919
15920
15921
15925
15925
15933
15933
15935
15937
15938
15942
15949
15957
15957
15958
15964
15965
15966
15967
15970
15971
15978
15984
15987
15993
15999
16000
16001
16008
16009
16016
16021
16025
16026
16027
16039
16048
16052
16054
16060
16071
16082
16082
16085
16085
16086
16088
16092
16096
16097
16099
16106
16107
16109
16109
16113
16115
16117
16118
16119
16120
16120
16124
16126
16131
16141
16144
16145
16152
16153
16156
16157
16158
16168
16174
16174
16174
16175
16176
16179
16185
16189
16190
16200
16204
16210
16213
16213
16214
16214
16215
16218
16222
16223
16230
16237
16238
16239
16246
16258
16261
16261
16264
16265
16273
16274
16276
16282
16291
16295
16303
16311
16320
16332
16337
16346
16350
16359
16360
16365
16365
16368
16370
16372
16375
16379
16383
16383
16392
16401
16401
16407
16411
16413
16413
16419
16421
16422
16425
16439
16443
16446
16448
16463
16470
16474
16478
16480
16482
16485
16486
16486
16502
16502
16504
16504
16508
16515
16522
16525
16531
16537
16539
16545
16554
16558
16563
16568
16573
16575
16576
16580
16582
16596
16599
16604
16606
16618
16629
16634
16635
16635
16645
16648
16655
16670
16673
16680
16701
16707
16712
16714
16723
16725
16726
16729
16729
16736
16737
16738
16742
16743
16747
16747
16748
16756
16763
16764
16765
16767
16772
16780
16799
16802
16804
16808
16808
16811
16815
16831
16835
16836
16838
16841
16873
16874
16880
16883
16885
16885
16889
16892
16895
16897
16898
16901
16904
16913
16917
16918
16923
16925
16935
16936
16939
16946
16951
16971
16979
16983
16985
16989
16991
16993
16998
17002
17006
17007
17009
17012
17023
17028
17040
17041
17049
17057
17059
17061
17061
17069
17069
17072
17075
17083
17084
17086
17089
17102
17107
17108
17115
17116
17120
17120
17122
17138
17139
17142
17144
17157
17160
17164
17169
17175
17175
17179
17182
17187
17192
17195
17207
17208
17213
17223
17225
17226
17247
17253
17254
17269
17275
17278
17280
17280
17287
17293
17307
17310
17312
17323
17325
17329
17331
17333
17337
17347
17352
17353
17354
17358
17368
17368
17372
17373
17374
17379
17381
17386
17386
17394
17399
17401
17407
17409
17413
17413
17417
17417
17419
17420
17420
17422
17424
17429
17436
17440
17440
17441
17446
17451
17456
17457
17458
17458
17465
17484
17484
17484
17489
17493
17499
17500
17504
17509
17510
17510
17511
17514
17515
17517
17518
17519
17521
17521
17523
17523
17526
17527
17530
17532
17536
17547
17550
17551
17556
17562
17565
17568
17575
17577
17579
17582
17584
17593
17597
17600
17609
17609
17611
17617
17619
17620
17621
17632
17637
17639
17644
17647
17647
17648
17648
17652
17654
17656
17656
17670
17678
17695
17698
17704
17707
17717
17721
17722
17723
17725
17727
17732
17736
17737
17737
17744
17747
17748
17751
17755
17768
17771
17773
17777
17779
17782
17782
17786
17788
17796
17806
17808
17809
17812
17814
17825
17834
17834
17843
17845
17851
17854
17855
17856
17865
17866
17868
17870
17870
17872
17879
17884
17898
17907
17910
17911
17918
17919
17921
17923
17923
17926
17940
17940
17943
17948
17948
17949
17950
17955
17957
17977
17985
17998
17999
18007
18007
18013
18018
18038
18041
18055
18056
18056
18075
18076
18076
18082
18084
18087
18093
18095
18095
18096
18103
18109
18110
18112
18131
18141
18145
18145
18149
18154
18157
18159
18160
18161
18173
18175
18183
18183
18197
18200
18206
18213
18215
18216
18217
18221
18222
18223
18232
18234
18237
18250
18252
18252
18255
18259
18260
18264
18275
18286
18287
18289
18290
18290
18294
18294
18295
18298
18299
18307
18307
18310
18314
18316
18319
18334
18336
18336
18340
18341
18342
18354
18355
18359
18364
18371
18375
18380
18381
18388
18389
18392
18397
18398
18399
18408
18408
18414
18416
18416
18417
18420
18421
18425
18430
18436
18440
18442
18445
18448
18449
18456
18465
18467
18479
18479
18479
18481
18482
18482
18490
18490
18506
18519
18524
18526
18526
18526
18529
18531
18540
18542
18548
18548
18552
18557
18573
18575
18577
18582
18597
18597
18603
18603
18610
18612
18620
18624
18626
18626
18626
18632
18633
18637
18639
18640
18641
18642
18653
18659
18659
18661
18663
18663
18668
18675
18676
18686
18689
18693
18706
18707
18707
18707
18712
18713
18719
18722
18728
18729
18734
18737
18739
18739
18752
18753
18776
18787
18794
18795
18798
18802
18805
18806
18808
18826
18826
18826
18839
18841
18848
18851
18855
18860
18865
18866
18872
18873
18874
18875
18881
18887
18890
18896
18906
18909
18909
18913
18916
18917
18922
18922
18925
18925
18927
18927
18930
18936
18941
18944
18947
18953
18960
18961
18963
18965
18971
18972
18973
18976
18996
18997
18999
18999
19001
19010
19010
19012
19017
19020
19021
19022
19025
19027
19029
19030
19033
19034
19037
19039
19041
19047
19052
19053
19069
19069
19075
19078
19087
19091
19091
19095
19117
19121
19126
19131
19133
19141
19144
19147
19149
19154
19154
19159
19166
19169
19187
19188
19191
19191
19196
19197
19202
19211
19228
19234
19235
19237
19239
19240
19242
19242
19250
19252
19264
19268
19270
19276
19278
19283
19284
19293
19294
19294
19296
19298
19299
19304
19305
19309
19309
19311
19313
19316
19321
19327
19335
19337
19346
19349
19355
19359
19363
19367
19368
19372
19372
19374
19384
19385
19386
19386
19386
19397
19402
19410
19418
19421
19429
19431
19436
19464
19470
19476
19483
19488
19490
19492
19494
19505
19506
19514
19515
19522
19527
19528
19531
19536
19538
19539
19542
19543
19547
19549
19551
19552
19553
19554
19561
19561
19573
19576
19580
19583
19592
19594
19601
19604
19606
19611
19613
19618
19619
19620
19623
19625
19627
19635
19638
19639
19645
19654
19655
19659
19667
19671
19678
19679
19680
19680
19690
19693
19701
19702
19702
19711
19718
19719
19720
19723
19737
19739
19747
19749
19758
19761
19762
19763
19763
19764
19767
19769
19772
19773
19776
19788
19789
19790
19791
19791
19794
19795
19797
19798
19803
19814
19815
19815
19816
19818
19825
19826
19830
19831
19840
19842
19850
19852
19870
19874
19874
19874
19876
19879
19882
19882
19895
19900
19903
19904
19906
19922
19924
19927
19928
19929
19939
19942
19942
19950
19960
19964
19965
19967
19968
19969
19970
19971
19974
19977
19979
19980
19981
19981
19988
19992
19998
19998
20000
20001
20009
20011
20015
20016
20019
20022
20034
20038
20043
20049
20049
20074
20074
20075
20076
20077
20080
20082
20098
20102
20107
20113
20124
20133
20134
20136
20137
20140
20140
20141
20147
20161
20169
20171
20173
20181
20190
20194
20200
20205
20207
20209
20211
20213
20216
20222
20222
20228
20232
20233
20235
20235
20241
20245
20246
20249
20255
20258
20260
20262
20265
20269
20275
20281
20285
20289
20300
20302
20304
20304
20310
20314
20315
20318
20322
20332
20334
20334
20337
20349
20356
20356
20364
20366
20372
20378
20394
20407
20407
20408
20411
20419
20422
20426
20428
20430
20431
20432
20433
20440
20450
20458
20464
20473
20476
20478
20489
20493
20495
20497
20502
20505
20513
20516
20517
20519
20524
20529
20532
20540
20540
20544
20545
20548
20552
20554
20557
20558
20559
20561
20561
20571
20571
20582
20590
20594
20605
20606
20610
20612
20616
20616
20626
20632
20633
20633
20636
20642
20653
20655
20656
20664
20664
20665
20696
20698
20700
20707
20708
20717
20717
20727
20729
20730
20732
20732
20732
20734
20735
20740
20754
20756
20759
20764
20764
20766
20766
20769
20776
20786
20787
20791
20800
20801
20803
20804
20815
20817
20820
20831
20834
20835
20839
20840
20841
20847
20849
20849
20849
20858
20858
20858
20860
20861
20862
20869
20877
20879
20884
20887
20894
20902
20904
20907
20910
20912
20914
20917
20920
20924
20941
20941
20944
20954
20962
20966
20967
20968
20974
20980
20982
20986
20992
20992
20998
21010
21011
21017
21027
21028
21032
21033
21041
21044
21047
21052
21065
21070
21076
21079
21085
21087
21089
21089
21102
21104
21106
21112
21118
21121
21124
21127
21129
21131
21141
21146
21148
21149
21150
21151
21155
21155
21158
21159
21161
21166
21169
21172
21175
21177
21186
21186
21190
21190
21192
21196
21199
21212
21213
21216
21216
21220
21220
21225
21228
21241
21245
21246
21252
21260
21272
21276
21278
21301
21305
21305
21311
21312
21316
21317
21318
21319
21319
21324
21329
21330
21332
21337
21341
21342
21346
21349
21354
21358
21361
21361
21370
21370
21378
21381
21383
21387
21391
21391
21402
21406
21406
21410
21414
21417
21421
21421
21421
21424
21424
21425
21430
21435
21439
21440
21442
21447
21447
21450
21452
21453
21461
21466
21470
21473
21479
21481
21482
21483
21493
21494
21500
21507
21508
21515
21520
21523
21525
21525
21534
21538
21546
21552
21555
21560
21562
21564
21566
21571
21576
21584
21590
21595
21599
21600
21601
21608
21610
21611
21613
21616
21617
21622
21622
21623
21623
21627
21627
21628
21633
21638
21648
21661
21663
21669
21670
21676
21678
21684
21686
21688
21689
21689
21695
21713
21717
21723
21723
21723
21730
21731
21740
21747
21749
21753
21754
21756
21757
21758
21760
21764
21768
21770
21772
21775
21779
21780
21783
21784
21793
21794
21803
21814
21818
21818
21820
21824
21832
21840
21850
21851
21851
21855
21860
21862
21863
21867
21869
21869
21879
21883
21883
21887
21887
21890
21892
21902
21909
21923
21926
21928
21929
21930
21931
21935
21944
21946
21948
21949
21955
21956
21959
21971
21972
21978
21979
21981
21986
21986
21993
21997
22000
22010
22018
22029
22030
22032
22039
22041
22045
22047
22047
22049
22055
22060
22065
22068
22069
22092
22098
22101
22103
22108
22111
22115
22124
22125
22125
22129
22133
22133
22134
22135
22141
22150
22151
22151
22153
22159
22160
22162
22164
22168
22170
22172
22173
22173
22181
22187
22194
22195
22199
22201
22208
22212
22213
22219
22222
22243
22250
22254
22264
22265
22267
22271
22272
22272
22273
22278
22279
22289
22294
22305
22306
22311
22317
22332
22336
22337
22354
22355
22355
22355
22357
22357
22363
22364
22373
22384
22384
22392
22393
22395
22398
22401
22402
22406
22407
22416
22417
22418
22419
22428
22431
22434
22436
22462
22472
22474
22476
22478
22484
22485
22487
22493
22493
22494
22498
22502
22507
22513
22514
22530
22535
22539
22547
22549
22552
22558
22560
22563
22570
22575
22576
22581
22582
22587
22593
22594
22596
22597
22599
22600
22609
22620
22622
22629
22634
22646
22651
22651
22658
22669
22670
22681
22682
22701
22702
22731
22741
22743
22743
22743
22748
22749
22751
22754
22757
22757
22764
22764
22772
22777
22778
22789
22794
22798
22806
22807
22820
22829
22830
22832
22835
22836
22841
22848
22849
22849
22852
22852
22852
22855
22857
22862
22863
22868
22870
22870
22870
22873
22877
22877
22880
22881
22884
22885
22903
22908
22911
22915
22918
22919
22921
22924
22926
22926
22955
22956
22961
22962
22964
22979
22980
22985
22993
22995
22996
22997
23004
23020
23026
23027
23028
23031
23032
23046
23048
23050
23051
23060
23064
23066
23067
23075
23082
23085
23087
23092
23092
23095
23098
23101
23110
23112
23134
23135
23138
23139
23144
23145
23146
23152
23158
23158
23160
23168
23176
23176
23179
23184
23192
23192
23193
23208
23213
23213
23213
23225
23225
23229
23229
23237
23239
23251
23251
23253
23254
23255
23267
23268
23268
23270
23271
23275
23279
23280
23283
23288
23289
23293
23305
23308
23310
23316
23317
23319
23334
23336
23342
23348
23351
23353
23353
23356
23357
23357
23358
23359
23363
23364
23367
23367
23368
23369
23369
23371
23374
23377
23394
23395
23403
23410
23415
23437
23440
23448
23448
23449
23453
23456
23458
23459
23462
23468
23470
23476
23480
23489
23490
23494
23494
23500
23502
23503
23506
23509
23509
23515
23516
23519
23530
23538
23538
23540
23544
23550
23553
23553
23563
23570
23572
23572
23572
23579
23580
23588
23596
23598
23599
23601
23605
23607
23609
23618
23622
23626
23632
23638
23639
23644
23648
23658
23660
23664
23665
23665
23669
23672
23675
23687
23695
23699
23699
23704
23708
23712
23715
23716
23717
23723
23726
23732
23733
23738
23740
23743
23746
23747
23750
23752
23752
23754
23755
23757
23758
23759
23764
23769
23770
23776
23780
23786
23790
23791
23795
23803
23806
23807
23810
23814
23815
23821
23823
23825
23830
23835
23836
23841
23841
23847
23852
23864
23867
23874
23876
23882
23898
23900
23913
23920
23925
23926
23928
23930
23931
23931
23946
23946
23948
23950
23950
23952
23960
23966
23967
23972
23976
23978
23980
23984
23991
23995
23995
24000
24001
24001
24005
24009
24013
24021
24022
24022
24023
24026
24035
24042
24045
24047
24049
24066
24066
24068
24085
24086
24092
24097
24100
24106
24108
24109
24112
24114
24119
24123
24124
24126
24132
24136
24144
24151
24155
24155
24156
24161
24164
24169
24169
24176
24176
24179
24195
24196
24202
24212
24214
24215
24218
24218
24219
24220
24220
24226
24226
24226
24238
24242
24243
24247
24253
24257
24257
24257
24270
24272
24273
24279
24280
24283
24288
24298
24300
24300
24300
24304
24312
24312
24322
24324
24325
24331
24340
24340
24341
24342
24342
24351
24355
24378
24381
24383
24388
24389
24393
24394
24395
24402
24405
24411
24419
24422
24424
24424
24435
24435
24445
24446
24451
24454
24457
24461
24464
24474
24476
24476
24479
24480
24487
24487
24488
24489
24492
24493
24495
24497
24500
24505
24513
24518
24522
24527
24530
24530
24532
24532
24539
24542
24554
24556
24559
24563
24563
24567
24577
24587
24596
24598
24605
24609
24612
24612
24615
24615
24622
24624
24630
24635
24641
24644
24651
24657
24657
24659
24664
24680
24682
24687
24690
24693
24693
24695
24696
24702
24708
24709
24713
24721
24722
24724
24738
24744
24744
24747
24751
24752
24752
24756
24760
24761
24762
24769
24770
24771
24775
24781
24788
24788
24793
24795
24800
24808
24810
24810
24814
24815
24816
24824
24824
24825
24829
24829
24832
24832
24838
24839
24840
24849
24861
24866
24876
24876
24889
24893
24898
24901
24901
24904
24909
24910
24916
24918
24933
24934
24935
24937
24941
24944
24944
24949
24956
24959
24961
24968
24981
24988
24990
24990
24991
25002
25015
25016
25017
25017
25020
25026
25032
25038
25046
25048
25049
25059
25059
25068
25072
25082
25083
25097
25115
25125
25128
25142
25145
25157
25160
25164
25165
25177
25179
25180
25181
25182
25184
25188
25196
25198
25203
25205
25207
25207
25214
25218
25224
25227
25233
25235
25235
25238
25238
25247
25247
25252
25258
25276
25288
25289
25290
25295
25295
25298
25300
25308
25310
25311
25312
25312
25317
25318
25320
25332
25333
25338
25338
25345
25345
25355
25363
25364
25373
25378
25379
25390
25391
25392
25396
25397
25410
25413
25414
25414
25416
25416
25418
25421
25423
25435
25435
25439
25440
25448
25451
25454
25466
25471
25473
25473
25485
25487
25487
25501
25503
25515
25521
25522
25526
25530
25530
25532
25537
25537
25539
25539
25540
25544
25546
25547
25549
25552
25553
25559
25563
25563
25564
25575
25577
25587
25587
25591
25594
25595
25597
25600
25603
25615
25615
25621
25623
25632
25633
25638
25639
25641
25644
25654
25663
25664
25664
25664
25667
25680
25690
25691
25697
25702
25709
25716
25727
25728
25737
25745
25750
25752
25756
25759
25762
25765
25769
25770
25773
25777
25778
25788
25791
25798
25801
25803
25803
25803
25821
25823
25833
25833
25836
25838
25839
25845
25850
25857
25871
25879
25881
25891
25895
25897
25902
25905
25906
25908
25909
25916
25919
25923
25928
25928
25936
25938
25944
25949
25952
25952
25953
25955
25959
25959
25960
25974
25974
25976
25979
25982
25990
25995
26004
26007
26008
26009
26011
26016
26026
26026
26026
26028
26029
26029
26032
26034
26034
26036
26037
26041
26042
26045
26049
26053
26057
26061
26064
26065
26080
26106
26113
26113
26114
26114
26116
26116
26122
26124
26125
26129
26133
26133
26138
26140
26144
26146
26149
26151
26160
26167
26168
26169
26170
26174
26184
26187
26189
26189
26194
26197
26202
26205
26210
26211
26215
26218
26222
26224
26228
26233
26234
26236
26236
26241
26251
26261
26268
26283
26284
26296
26300
26303
26305
26306
26309
26312
26313
26317
26320
26324
26330
26338
26340
26356
26361
26362
26366
26378
26380
26394
26401
26408
26410
26412
26413
26420
26421
26425
26426
26426
26429
26430
26436
26436
26441
26444
26452
26452
26455
26457
26457
26457
26458
26459
26459
26459
26473
26477
26477
26479
26484
26487
26487
26491
26494
26499
26501
26507
26511
26517
26520
26523
26523
26525
26529
26533
26534
26535
26548
26548
26549
26554
26557
26589
26592
26603
26604
26624
26626
26646
26652
26657
26663
26667
26670
26671
26672
26673
26678
26679
26686
26693
26705
26706
26706
26711
26711
26722
26722
26724
26727
26728
26733
26735
26737
26741
26742
26745
26748
26756
26759
26760
26761
26776
26800
26806
26807
26811
26814
26814
26815
26815
26816
26819
26820
26828
26831
26831
26833
26838
26851
26863
26869
26872
26877
26878
26880
26887
26892
26895
26898
26905
26912
26917
26920
26928
26935
26936
26937
26940
26942
26942
26946
26955
26956
26963
26966
26966
26974
26981
26984
26984
26987
26989
26994
26999
27004
27010
27014
27020
27023
27025
27029
27038
27038
27043
27046
27049
27054
27054
27056
27061
27063
27067
27071
27078
27085
27086
27087
27098
27099
27104
27113
27116
27142
27146
27148
27150
27158
27170
27173
27176
27177
27191
27193
27208
27216
27241
27247
27248
27249
27256
27259
27272
27277
27279
27284
27286
27288
27289
27290
27294
27296
27298
27300
27301
27301
27311
27320
27328
27328
27328
27329
27330
27334
27335
27339
27344
27344
27346
27347
27352
27357
27360
27362
27367
27371
27372
27373
27374
27375
27376
27384
27385
27389
27390
27391
27393
27395
27396
27399
27399
27403
27408
27414
27417
27425
27426
27426
27428
27428
27429
27432
27432
27434
27435
27440
27443
27450
27452
27455
27458
27462
27467
27469
27471
27475
27479
27483
27491
27491
27496
27497
27502
27503
27506
27510
27520
27524
27531
27531
27532
27539
27543
27548
27548
27548
27554
27558
27561
27567
27577
27578
27593
27598
27610
27612
27613
27613
27618
27624
27624
27626
27627
27633
27634
27642
27643
27647
27660
27667
27668
27671
27672
27683
27688
27689
27695
27696
27698
27700
27705
27711
27713
27731
27736
27739
27745
27746
27750
27752
27755
27759
27767
27768
27770
27771
27776
27777
27784
27785
27786
27788
27789
27797
27813
27814
27817
27821
27821
27833
27839
27840
27841
27853
27859
27862
27863
27863
27865
27875
27880
27885
27887
27894
27895
27895
27899
27900
27902
27903
27906
27921
27923
27923
27932
27935
27947
27951
27954
27959
27961
27966
27967
27978
27981
27983
27988
27995
27998
28019
28021
28025
28032
28034
28042
28043
28044
28048
28048
28057
28059
28062
28063
28070
28077
28083
28084
28085
28085
28086
28095
28096
28097
28105
28107
28112
28113
28116
28118
28122
28128
28133
28138
28141
28149
28153
28165
28166
28168
28169
28176
28178
28183
28186
28195
28199
28214
28225
28227
28235
28240
28241
28246
28247
28252
28256
28259
28260
28263
28263
28263
28265
28265
28271
28275
28276
28277
28286
28288
28289
28290
28292
28293
28293
28296
28300
28306
28306
28307
28307
28313
28318
28328
28329
28331
28336
28337
28339
28350
28352
28359
28363
28364
28365
28369
28374
28374
28382
28388
28389
28392
28395
28396
28399
28399
28406
28411
28413
28414
28417
28418
28427
28429
28432
28436
28436
28440
28446
28452
28453
28455
28461
28462
28465
28476
28478
28478
28498
28498
28501
28502
28507
28509
28509
28513
28515
28521
28527
28528
28535
28536
28541
28543
28543
28546
28552
28556
28560
28563
28571
28576
28577
28588
28589
28596
28603
28604
28605
28605
28607
28608
28618
28625
28640
28644
28645
28647
28648
28651
28653
28653
28662
28664
28673
28684
28685
28687
28688
28690
28696
28703
28708
28708
28708
28718
28727
28728
28735
28737
28740
28747
28747
28751
28753
28763
28765
28769
28770
28781
28781
28784
28786
28786
28787
28792
28792
28793
28794
28804
28807
28809
28810
28816
28818
28824
28826
28829
28832
28834
28837
28839
28852
28864
28867
28869
28873
28879
28881
28885
28899
28900
28901
28904
28906
28906
28907
28915
28928
28933
28934
28935
28940
28941
28943
28944
28946
28953
28953
28956
28964
28968
28970
28974
28980
28980
28986
28989
28996
29003
29005
29006
29006
29006
29006
29011
29015
29021
29027
29028
29029
29032
29037
29056
29060
29060
29066
29068
29073
29076
29077
29077
29079
29081
29088
29091
29092
29096
29101
29102
29106
29108
29108
29108
29124
29126
29127
29127
29131
29136
29149
29149
29154
29155
29160
29171
29174
29174
29183
29185
29190
29191
29200
29205
29208
29209
29210
29212
29214
29219
29219
29224
29225
29225
29226
29228
29229
29229
29233
29236
29241
29241
29244
29244
29247
29250
29251
29252
29262
29262
29263
29263
29271
29279
29282
29284
29292
29294
29296
29303
29313
29315
29323
29337
29340
29343
29343
29345
29345
29347
29349
29372
29372
29386
29393
29399
29403
29413
29415
29421
29422
29424
29427
29435
29436
29442
29444
29447
29449
29457
29460
29462
29465
29466
29478
29479
29481
29482
29487
29488
29490
29492
29494
29497
29501
29503
29510
29512
29521
29523
29525
29526
29533
29544
29544
29551
29552
29553
29553
29559
29560
29562
29574
29576
29579
29586
29587
29593
29597
29599
29600
29602
29603
29603
29609
29610
29613
29615
29625
29625
29625
29628
29629
29630
29640
29648
29655
29662
29663
29663
29667
29670
29670
29673
29675
29682
29682
29683
29691
29693
29699
29702
29707
29718
29719
29719
29719
29724
29729
29732
29732
29747
29749
29750
29753
29756
29758
29760
29763
29765
29768
29771
29774
29780
29789
29797
29812
29820
29823
29824
29827
29829
29839
29844
29845
29852
29854
29856
29858
29865
29873
29873
29874
29875
29887
29895
29897
29909
29909
29912
29916
29921
29921
29924
29927
29939
29950
29950
29954
29968
29972
29980
29983
29988
29989
29991
30000
30005
30010
30011
30016
30019
30029
30041
30043
30045
30047
30049
30057
30058
30067
30068
30069
30070
30070
30070
30071
30072
30073
30077
30078
30079
30096
30098
30100
30111
30117
30119
30127
30129
30129
30131
30131
30149
30152
30163
30163
30169
30173
30179
30183
30185
30189
30191
30195
30201
30202
30211
30214
30219
30223
30223
30230
30233
30234
30234
30237
30239
30240
30243
30245
30249
30251
30264
30267
30278
30284
30293
30295
30302
30307
30307
30314
30320
30328
30331
30338
30339
30341
30342
30346
30347
30351
30358
30367
30368
30369
30372
30373
30388
30393
30395
30397
30399
30406
30407
30412
30413
30414
30414
30415
30416
30420
30426
30428
30430
30431
30436
30436
30439
30440
30443
30449
30451
30454
30470
30474
30478
30484
30485
30485
30490
30494
30496
30515
30516
30526
30530
30532
30534
30536
30536
30545
30552
30555
30557
30563
30568
30572
30579
30583
30585
30588
30589
30591
30597
30601
30604
30618
30620
30624
30624
30626
30628
30629
30634
30636
30639
30640
30661
30662
30663
30664
30665
30672
30686
30692
30708
30710
30711
30718
30719
30723
30723
30725
30727
30729
30730
30735
30741
30744
30752
30753
30755
30760
30768
30769
30771
30773
30774
30785
30786
30791
30800
30806
30807
30811
30822
30829
30840
30845
30849
30849
30849
30851
30855
30855
30857
30867
30869
30874
30875
30875
30878
30891
30892
30894
30898
30904
30913
30913
30917
30918
30918
30921
30924
30929
30931
30935
30938
30944
30947
30949
30952
30955
30960
30961
30963
30963
30963
30963
30966
30970
30970
30971
30972
30980
30981
30984
30989
30995
30999
31001
31006
31016
31022
31023
31027
31031
31040
31041
31061
31062
31064
31067
31068
31070
31074
31081
31082
31082
31084
31086
31087
31088
31088
31093
31093
31094
31096
31098
31099
31102
31103
31103
31106
31107
31112
31124
31126
31127
31128
31143
31145
31148
31153
31153
31155
31161
31175
31177
31183
31183
31202
31208
31215
31215
31219
31220
31232
31237
31239
31242
31247
31251
31255
31261
31264
31265
31269
31278
31279
31287
31288
31291
31291
31293
31298
31300
31303
31310
31310
31311
31313
31315
31319
31326
31327
31330
31338
31341
31344
31346
31354
31358
31359
31361
31363
31363
31364
31365
31370
31371
31373
31374
31374
31374
31377
31383
31384
31387
31389
31392
31393
31394
31399
31403
31409
31417
31420
31424
31425
31425
31426
31427
31431
31436
31440
31445
31445
31446
31450
31454
31456
31459
31462
31464
31469
31469
31472
31477
31478
31480
31482
31486
31488
31493
31495
31499
31504
31504
31505
31510
31520
31528
31532
31533
31535
31538
31540
31540
31542
31549
31557
31559
31559
31562
31565
31570
31571
31575
31575
31577
31588
31589
31591
31603
31604
31605
31618
31619
31622
31626
31628
31630
31643
31646
31647
31670
31674
31675
31679
31689
31693
31697
31699
31700
31700
31702
31706
31709
31710
31720
31728
31747
31748
31753
31757
31760
31761
31762
31763
31765
31765
31765
31768
31769
31771
31772
31773
31775
31781
31782
31783
31792
31795
31810
31813
31816
31821
31822
31824
31825
31825
31825
31826
31827
31841
31847
31849
31856
31859
31862
31865
31867
31871
31871
31879
31881
31882
31883
31887
31889
31895
31895
31899
31902
31906
31908
31909
31919
31921
31932
31940
31949
31950
31954
31959
31967
31970
31975
31975
31981
31983
31987
31989
31995
31997
31999
32000
32000
32005
32011
32014
32021
32027
32027
32028
32037
32048
32050
32062
32072
32083
32087
32090
32090
32095
32116
32121
32123
32123
32132
32134
32135
32140
32142
32143
32152
32156
32170
32174
32180
32181
32183
32184
32190
32190
32201
32202
32204
32208
32212
32216
32221
32223
32227
32227
32230
32232
32238
32239
32245
32249
32252
32256
32262
32265
32276
32276
32280
32280
32285
32292
32293
32303
32303
32309
32331
32333
32334
32341
32346
32356
32357
32360
32361
32364
32367
32369
32371
32378
32382
32383
32394
32395
32396
32396
32397
32397
32403
32404
32408
32425
32429
32429
32431
32436
32439
32446
32455
32458
32459
32465
32465
32469
32469
32469
32470
32494
32495
32511
32511
32516
32520
32525
32533
32534
32536
32549
32552
32556
32558
32559
32566
32566
32572
32575
32579
32593
32593
32602
32607
32607
32609
32610
32611
32612
32614
32615
32615
32616
32616
32616
32620
32624
32627
32628
32630
32645
32647
32649
32655
32657
32662
32664
32671
32681
32681
32683
32684
32686
32688
32693
32694
32702
32705
32724
32724
32734
32737
32740
32740
32753
32754
32757
32761
32764
32766
32770
32772
32773
32778
32804
32807
32812
32833
32837
32844
32849
32855
32862
32866
32870
32877
32886
32887
32888
32900
32901
32901
32908
32908
32910
32917
32922
32923
32925
32927
32936
32936
32938
32940
32945
32945
32950
32953
32955
32957
32966
32967
32972
32975
32976
32976
32977
32980
32980
32990
32990
33001
33004
33004
33006
33013
33018
33028
33032
33037
33037
33042
33046
33046
33047
33057
33064
33067
33068
33078
33086
33087
33088
33094
33111
33111
33122
33123
33130
33131
33133
33135
33138
33148
33151
33153
33154
33161
33176
33180
33182
33183
33185
33186
33186
33188
33190
33196
33197
33208
33213
33214
33214
33216
33217
33220
33220
33221
33224
33229
33231
33234
33236
33241
33247
33255
33258
33262
33263
33270
33271
33272
33284
33287
33292
33305
33306
33312
33314
33317
33320
33322
33328
33329
33331
33333
33334
33336
33337
33342
33344
33346
33351
33355
33356
33363
33368
33377
33386
33389
33392
33393
33393
33397
33400
33405
33412
33414
33415
33418
33419
33426
33429
33446
33447
33458
33460
33464
33470
33471
33474
33476
33478
33482
33482
33482
33493
33497
33501
33502
33502
33503
33505
33506
33507
33511
33513
33515
33518
33522
33523
33524
33525
33527
33539
33540
33546
33550
33550
33552
33553
33555
33556
33571
33585
33597
33600
33604
33616
33621
33641
33644
33644
33647
33650
33650
33650
33651
33654
33655
33655
33657
33662
33668
33668
33688
33697
33701
33706
33713
33713
33714
33719
33720
33722
33725
33726
33726
33726
33726
33727
33727
33733
33736
33740
33751
33751
33752
33756
33782
33788
33788
33791
33794
33801
33804
33808
33809
33810
33810
33811
33817
33821
33821
33822
33823
33829
33833
33838
33841
33842
33843
33855
33860
33864
33868
33868
33869
33873
33876
33878
33880
33885
33886
33886
33887
33887
33893
33896
33900
33901
33913
33917
33919
33921
33922
33926
33928
33932
33934
33935
33936
33944
33946
33949
33950
33961
33969
33976
33976
33979
33979
33982
33987
33990
33991
33992
33995
34000
34001
34002
34006
34007
34008
34010
34012
34013
34016
34024
34032
34032
34041
34044
34044
34047
34052
34056
34058
34058
34061
34065
34068
34071
34072
34080
34083
34084
34085
34095
34096
34098
34101
34106
34115
34115
34115
34116
34123
34126
34126
34132
34133
34136
34144
34144
34147
34150
34155
34156
34156
34162
34166
34169
34170
34171
34171
34173
34176
34178
34182
34190
34197
34202
34203
34203
34211
34222
34227
34236
34239
34251
34272
34289
34303
34308
34309
34310
34313
34325
34327
34330
34340
34345
34346
34359
34361
34361
34365
34385
34387
34395
34396
34396
34402
34406
34407
34417
34418
34420
34431
34438
34438
34442
34444
34445
34446
34451
34455
34457
34462
34471
34475
34477
34478
34483
34485
34486
34486
34487
34496
34500
34505
34508
34509
34514
34515
34523
34524
34530
34535
34535
34537
34539
34539
34543
34551
34551
34558
34560
34564
34564
34569
34573
34578
34586
34595
34600
34601
34602
34604
34607
34619
34621
34625
34626
34630
34634
34636
34644
34663
34663
34668
34670
34670
34677
34681
34681
34682
34682
34690
34691
34691
34696
34698
34701
34701
34702
34708
34716
34717
34718
34718
34724
34729
34731
34737
34742
34748
34751
34752
34757
34765
34771
34772
34772
34775
34776
34777
34779
34780
34780
34786
34788
34798
34802
34804
34804
34808
34815
34825
34826
34826
34826
34828
34831
34857
34860
34867
34868
34869
34874
34875
34877
34878
34880
34885
34886
34895
34901
34902
34904
34911
34916
34919
34923
34926
34939
34939
34952
34954
34956
34956
34961
34962
34963
34964
34965
34969
34973
34978
34978
34978
34987
34991
34999
34999
35003
35009
35020
35026
35031
35036
35037
35048
35050
35051
35055
35059
35061
35062
35063
35064
35064
35081
35081
35081
35082
35083
35087
35090
35101
35106
35108
35110
35115
35117
35118
35120
35120
35121
35125
35130
35134
35136
35142
35148
35152
35153
35155
35158
35160
35173
35175
35179
35190
35196
35196
35197
35197
35198
35202
35204
35213
35215
35217
35224
35224
35226
35226
35227
35229
35235
35240
35243
35244
35245
35248
35258
35260
35264
35265
35274
35278
35282
35288
35301
35305
35313
35326
35334
35334
35347
35353
35353
35365
35366
35368
35376
35380
35385
35385
35392
35392
35397
35400
35405
35419
35422
35423
35425
35434
35435
35436
35455
35455
35456
35465
35471
35478
35480
35481
35494
35502
35507
35510
35516
35518
35521
35527
35534
35540
35542
35568
35576
35588
35589
35592
35592
35593
35596
35598
35606
35610
35612
35612
35613
35613
35619
35623
35628
35629
35630
35631
35635
35645
35646
35649
35658
35658
35664
35669
35673
35674
35680
35681
35683
35683
35692
35696
35698
35705
35706
35708
35718
35734
35736
35738
35740
35741
35747
35750
35775
35775
35779
35783
35783
35787
35788
35795
35795
35803
35804
35806
35809
35809
35819
35822
35829
35832
35835
35838
35847
35853
35854
35855
35856
35861
35862
35868
35873
35877
35887
35893
35898
35899
35899
35904
35914
35916
35920
35921
35922
35922
35922
35930
35930
35930
35938
35941
35950
35958
35967
35975
35977
35983
35983
35987
35989
35999
36008
36011
36014
36018
36022
36029
36037
36037
36040
36040
36041
36044
36045
36046
36050
36050
36051
36059
36059
36064
36065
36066
36067
36076
36086
36086
36105
36105
36107
36107
36122
36123
36133
36150
36155
36159
36162
36165
36166
36169
36171
36176
36176
36181
36182
36185
36191
36193
36197
36198
36199
36200
36204
36206
36207
36217
36220
36222
36229
36229
36229
36232
36234
36237
36241
36245
36247
36248
36262
36263
36265
36266
36266
36271
36275
36285
36288
36289
36298
36300
36306
36311
36312
36313
36313
36316
36325
36326
36329
36330
36336
36339
36346
36352
36354
36354
36364
36368
36368
36374
36394
36402
36411
36411
36412
36416
36416
36417
36420
36421
36422
36424
36427
36429
36431
36434
36439
36442
36446
36451
36455
36455
36460
36460
36472
36479
36487
36487
36506
36512
36514
36518
36524
36527
36529
36530
36533
36535
36547
36548
36554
36557
36560
36562
36564
36572
36573
36576
36582
36582
36590
36590
36590
36607
36610
36611
36617
36617
36621
36621
36625
36625
36628
36643
36647
36665
36665
36674
36684
36685
36691
36692
36694
36698
36710
36712
36716
36724
36724
36727
36728
36729
36731
36739
36743
36750
36752
36770
36774
36774
36780
36783
36785
36798
36800
36802
36815
36822
36830
36833
36840
36841
36848
36851
36853
36855
36856
36858
36859
36859
36863
36867
36869
36878
36880
36884
36887
36891
36897
36898
36899
36901
36904
36908
36908
36908
36909
36918
36922
36923
36925
36936
36937
36938
36943
36947
36949
36955
36960
36960
36961
36962
36977
36994
36995
36995
36999
37005
37007
37007
37010
37012
37017
37018
37025
37030
37035
37040
37052
37053
37055
37073
37075
37097
37101
37101
37103
37107
37110
37123
37127
37128
37134
37135
37137
37137
37137
37138
37142
37143
37154
37162
37164
37164
37168
37171
37174
37176
37177
37184
37186
37191
37193
37193
37199
37202
37203
37205
37205
37207
37212
37215
37216
37220
37237
37237
37261
37264
37270
37272
37274
37278
37278
37278
37279
37285
37303
37312
37312
37315
37316
37322
37324
37332
37332
37339
37342
37343
37344
37346
37353
37356
37357
37362
37365
37375
37375
37375
37384
37385
37388
37394
37394
37396
37399
37405
37405
37409
37410
37413
37420
37432
37433
37437
37438
37438
37444
37444
37447
37450
37454
37455
37458
37458
37459
37471
37474
37481
37481
37484
37486
37490
37495
37498
37501
37502
37505
37505
37516
37526
37530
37540
37545
37550
37553
37554
37558
37560
37562
37569
37574
37575
37587
37588
37593
37613
37615
37615
37617
37619
37620
37622
37626
37626
37627
37628
37633
37639
37641
37647
37651
37653
37654
37659
37668
37684
37689
37690
37691
37692
37694
37698
37698
37701
37703
37709
37714
37724
37727
37730
37732
37735
37738
37738
37741
37745
37753
37754
37756
37765
37781
37782
37806
37808
37810
37811
37812
37812
37827
37828
37832
37835
37846
37846
37846
37848
37854
37861
37869
37871
37877
37892
37906
37907
37912
37912
37917
37921
37929
37933
37934
37937
37939
37939
37941
37947
37948
37951
37960
37963
37964
37964
37966
37970
37973
37976
37976
37976
37980
37981
37982
37988
37988
38002
38004
38006
38008
38011
38013
38018
38019
38019
38024
38024
38025
38025
38039
38043
38048
38048
38049
38050
38052
38052
38062
38063
38064
38065
38071
38079
38087
38092
38093
38096
38097
38113
38117
38119
38125
38127
38127
38128
38131
38132
38132
38134
38134
38139
38139
38140
38141
38144
38144
38144
38146
38146
38148
38149
38150
38151
38153
38155
38159
38160
38163
38166
38167
38170
38171
38182
38194
38199
38199
38207
38221
38222
38230
38234
38235
38236
38238
38243
38244
38248
38257
38261
38263
38264
38265
38278
38284
38288
38289
38292
38306
38308
38314
38328
38328
38334
38337
38339
38340
38346
38350
38353
38355
38356
38357
38358
38365
38366
38370
38374
38379
38380
38386
38396
38402
38409
38410
38412
38413
38425
38433
38434
38436
38437
38451
38452
38465
38472
38474
38482
38494
38496
38497
38507
38508
38510
38510
38511
38513
38516
38519
38519
38524
38526
38528
38528
38541
38542
38553
38555
38557
38560
38560
38567
38568
38569
38569
38570
38572
38581
38585
38589
38590
38592
38595
38599
38605
38611
38621
38633
38646
38647
38647
38652
38654
38655
38657
38662
38665
38669
38672
38676
38676
38681
38682
38682
38688
38690
38698
38699
38699
38706
38713
38713
38725
38745
38751
38752
38765
38765
38772
38783
38783
38786
38796
38810
38819
38822
38822
38830
38832
38833
38835
38844
38847
38851
38851
38852
38854
38858
38862
38864
38864
38867
38879
38879
38881
38882
38883
38891
38902
38905
38906
38911
38914
38917
38919
38924
38927
38928
38930
38939
38942
38952
38953
38961
38963
38965
38966
38967
38967
38972
38985
38994
38996
39000
39002
39002
39005
39009
39010
39012
39024
39034
39036
39039
39053
39056
39058
39060
39069
39069
39082
39083
39083
39091
39094
39095
39096
39097
39103
39105
39109
39127
39128
39139
39139
39141
39149
39150
39152
39156
39159
39160
39161
39164
39168
39170
39184
39204
39205
39209
39219
39223
39223
39225
39228
39229
39232
39236
39237
39255
39266
39267
39269
39276
39277
39277
39279
39282
39285
39288
39289
39293
39293
39297
39299
39301
39307
39315
39315
39330
39330
39345
39349
39353
39353
39362
39368
39377
39379
39386
39387
39390
39396
39397
39404
39407
39409
39413
39417
39420
39425
39442
39448
39449
39454
39454
39463
39471
39479
39479
39485
39487
39491
39493
39495
39497
39497
39497
39501
39503
39503
39526
39533
39535
39535
39547
39561
39566
39567
39569
39578
39582
39587
39609
39613
39618
39623
39624
39638
39648
39652
39654
39655
39661
39665
39666
39667
39674
39678
39681
39685
39687
39690
39703
39705
39713
39729
39732
39734
39735
39740
39741
39744
39748
39752
39753
39765
39766
39768
39774
39781
39784
39795
39795
39799
39800
39801
39807
39811
39821
39822
39827
39830
39833
39841
39846
39848
39850
39852
39854
39867
39870
39874
39876
39876
39880
39881
39884
39891
39899
39901
39904
39904
39905
39916
39923
39927
39929
39937
39952
39954
39955
39956
39958
39962
39974
39977
39980
39993
39994
39996
40004
40010
40011
40022
40036
40037
40041
40043
40045
40047
40048
40049
40050
40050
40051
40051
40053
40058
40058
40060
40064
40069
40074
40075
40085
40086
40094
40094
40095
40104
40113
40113
40126
40127
40133
40134
40137
40139
40148
40151
40151
40152
40154
40155
40163
40167
40170
40178
40178
40179
40179
40181
40193
40196
40197
40205
40217
40218
40218
40220
40221
40224
40227
40238
40239
40239
40241
40242
40249
40250
40252
40253
40261
40263
40268
40276
40280
40290
40298
40312
40319
40320
40320
40322
40329
40335
40339
40340
40342
40342
40349
40353
40366
40370
40372
40381
40390
40391
40391
40391
40392
40394
40400
40408
40412
40412
40413
40413
40415
40419
40425
40426
40428
40434
40436
40440
40445
40446
40450
40453
40462
40471
40473
40474
40476
40481
40481
40482
40483
40485
40489
40493
40499
40499
40503
40508
40521
40523
40533
40536
40545
40549
40551
40552
40553
40555
40557
40559
40563
40563
40566
40568
40578
40578
40583
40583
40587
40589
40590
40590
40594
40599
40602
40605
40607
40612
40613
40614
40622
40625
40627
40634
40636
40640
40640
40642
40642
40644
40650
40651
40652
40653
40658
40660
40677
40678
40684
40686
40687
40688
40691
40693
40694
40701
40702
40704
40708
40709
40710
40718
40720
40722
40725
40730
40746
40748
40748
40752
40760
40760
40762
40765
40766
40768
40770
40787
40801
40804
40808
40810
40816
40823
40828
40830
40831
40836
40837
40854
40861
40864
40865
40869
40871
40876
40879
40880
40885
40891
40894
40900
40900
40909
40910
40915
40918
40922
40934
40936
40936
40937
40952
40957
40958
40960
40967
40968
40976
40982
40987
40989
40997
41017
41018
41021
41023
41030
41030
41032
41042
41043
41044
41047
41054
41054
41056
41058
41058
41062
41067
41071
41075
41081
41087
41088
41088
41091
41091
41100
41106
41107
41112
41113
41116
41122
41126
41131
41133
41138
41141
41143
41149
41150
41151
41152
41152
41159
41160
41160
41162
41164
41168
41184
41189
41197
41197
41203
41207
41208
41224
41224
41226
41235
41235
41242
41249
41259
41260
41260
41270
41272
41273
41287
41294
41297
41299
41300
41302
41303
41305
41305
41306
41308
41309
41314
41325
41327
41328
41334
41342
41342
41343
41349
41363
41366
41366
41366
41371
41379
41379
41385
41389
41390
41391
41393
41396
41396
41397
41398
41400
41406
41421
41422
41426
41427
41427
41433
41440
41441
41443
41445
41452
41454
41457
41459
41463
41469
41483
41484
41485
41491
41501
41501
41507
41510
41514
41516
41518
41523
41531
41537
41538
41540
41548
41549
41549
41549
41549
41557
41560
41561
41563
41569
41572
41577
41580
41589
41589
41591
41595
41599
41603
41608
41613
41615
41617
41617
41617
41636
41645
41647
41650
41650
41652
41653
41656
41659
41668
41672
41672
41676
41681
41682
41683
41690
41691
41708
41714
41728
41735
41739
41740
41741
41742
41742
41746
41760
41762
41763
41778
41794
41797
41805
41808
41814
41815
41819
41819
41834
41835
41837
41839
41842
41848
41851
41855
41855
41857
41863
41864
41865
41865
41872
41874
41874
41874
41876
41878
41879
41888
41892
41900
41901
41901
41903
41908
41909
41912
41917
41923
41927
41928
41928
41929
41930
41935
41936
41938
41941
41966
41980
41980
41988
41989
41990
41990
41992
42003
42012
42014
42015
42023
42026
42035
42039
42040
42040
42043
42063
42069
42069
42070
42075
42075
42079
42083
42086
42092
42096
42105
42110
42110
42113
42114
42115
42117
42119
42120
42123
42129
42134
42135
42137
42137
42141
42147
42155
42166
42175
42176
42176
42178
42186
42190
42197
42201
42201
42204
42204
42211
42212
42212
42221
42230
42231
42233
42233
42234
42236
42240
42240
42249
42250
42251
42252
42253
42253
42262
42263
42270
42270
42276
42282
42287
42291
42295
42296
42301
42312
42313
42316
42322
42326
42330
42339
42340
42343
42345
42348
42349
42351
42355
42356
42363
42379
42384
42385
42393
42397
42399
42399
42402
42404
42411
42414
42421
42424
42428
42430
42431
42436
42437
42441
42446
42447
42448
42461
42463
42464
42470
42472
42475
42478
42485
42486
42492
42494
42496
42499
42499
42499
42504
42506
42516
42519
42521
42522
42525
42525
42532
42536
42537
42538
42542
42547
42565
42572
42573
42573
42584
42588
42592
42593
42599
42600
42601
42602
42609
42611
42615
42617
42626
42627
42630
42634
42635
42639
42640
42647
42647
42655
42664
42670
42672
42674
42676
42679
42681
42681
42684
42686
42688
42689
42697
42702
42709
42715
42717
42717
42721
42731
42736
42736
42741
42741
42748
42755
42757
42764
42765
42770
42774
42776
42779
42781
42787
42789
42797
42800
42803
42804
42810
42811
42814
42816
42817
42819
42827
42827
42829
42831
42833
42839
42842
42847
42854
42858
42866
42871
42878
42886
42887
42895
42899
42899
42900
42902
42909
42910
42913
42915
42916
42918
42921
42926
42927
42934
42935
42951
42956
42957
42957
42958
42967
42979
42986
42986
42986
42988
42988
42989
42990
42992
42993
42994
42998
42999
43000
43003
43003
43004
43005
43006
43009
43009
43012
43015
43015
43020
43020
43029
43031
43036
43041
43042
43044
43049
43054
43057
43069
43070
43074
43084
43086
43087
43087
43088
43089
43100
43120
43127
43131
43134
43134
43137
43141
43142
43142
43143
43148
43150
43151
43156
43160
43162
43165
43166
43177
43179
43180
43181
43182
43192
43197
43200
43202
43203
43203
43205
43210
43211
43213
43214
43218
43232
43233
43236
43237
43241
43248
43250
43251
43253
43255
43260
43271
43273
43276
43279
43282
43284
43286
43287
43295
43296
43299
43313
43316
43320
43321
43322
43324
43330
43330
43338
43345
43354
43356
43358
43359
43359
43360
43361
43363
43364
43364
43366
43366
43367
43375
43375
43377
43377
43379
43383
43383
43383
43384
43385
43391
43392
43395
43395
43397
43398
43399
43404
43405
43417
43422
43423
43427
43430
43436
43436
43442
43442
43456
43458
43469
43470
43472
43474
43474
43480
43480
43483
43484
43486
43487
43487
43492
43496
43498
43500
43508
43511
43521
43529
43531
43531
43540
43541
43543
43550
43556
43563
43564
43566
43568
43571
43582
43592
43594
43595
43604
43604
43618
43630
43631
43637
43637
43637
43641
43644
43646
43650
43653
43662
43663
43668
43668
43668
43678
43678
43679
43681
43684
43684
43685
43685
43689
43690
43698
43704
43705
43706
43707
43717
43729
43741
43747
43749
43751
43751
43758
43758
43761
43764
43781
43784
43787
43797
43805
43813
43816
43818
43819
43819
43825
43827
43832
43834
43839
43839
43841
43847
43848
43850
43862
43868
43871
43873
43877
43878
43880
43886
43902
43918
43928
43928
43934
43936
43941
43942
43946
43947
43947
43948
43948
43949
43950
43951
43957
43970
43988
43989
43993
43994
44001
44002
44007
44008
44013
44014
44017
44019
44023
44024
44027
44031
44036
44038
44038
44042
44043
44051
44053
44057
44058
44061
44066
44068
44071
44072
44072
44074
44078
44079
44083
44090
44091
44098
44099
44103
44104
44122
44122
44125
44132
44138
44143
44145
44150
44157
44161
44163
44165
44165
44166
44172
44177
44188
44189
44191
44194
44194
44204
44213
44214
44224
44225
44236
44252
44254
44255
44258
44259
44262
44264
44266
44267
44277
44280
44290
44302
44303
44306
44306
44313
44314
44323
44326
44327
44329
44330
44341
44342
44344
44358
44365
44365
44369
44378
44384
44384
44387
44390
44390
44398
44409
44410
44412
44412
44412
44419
44419
44424
44425
44429
44431
44432
44440
44448
44448
44452
44455
44457
44458
44458
44460
44462
44463
44466
44468
44468
44469
44471
44474
44480
44490
44493
44495
44496
44500
44501
44504
44506
44508
44510
44512
44515
44521
44533
44535
44547
44551
44551
44554
44555
44560
44575
44577
44582
44586
44588
44589
44596
44602
44609
44610
44611
44619
44625
44630
44635
44636
44639
44641
44642
44649
44655
44662
44666
44667
44669
44669
44670
44671
44676
44689
44689
44696
44703
44719
44720
44725
44727
44728
44729
44739
44751
44754
44755
44763
44768
44770
44772
44784
44786
44788
44793
44806
44806
44813
44813
44821
44823
44823
44828
44832
44836
44836
44837
44841
44844
44845
44847
44859
44860
44861
44861
44870
44870
44875
44876
44881
44882
44883
44883
44884
44891
44895
44896
44899
44900
44904
44911
44911
44911
44915
44916
44917
44919
44919
44922
44926
44928
44929
44936
44947
44947
44951
44953
44958
44958
44960
44960
44960
44963
44966
44968
44978
44980
44990
44994
44995
44996
45005
45008
45008
45009
45012
45014
45026
45033
45039
45060
45064
45067
45069
45077
45077
45087
45088
45093
45093
45106
45113
45114
45115
45118
45119
45120
45121
45124
45125
45125
45127
45130
45133
45135
45140
45140
45146
45150
45150
45161
45162
45162
45164
45170
45171
45173
45176
45179
45183
45192
45193
45200
45202
45208
45210
45214
45216
45218
45219
45226
45245
45247
45247
45251
45252
45253
45281
45283
45284
45286
45289
45294
45300
45301
45302
45304
45311
45320
45326
45327
45337
45338
45343
45349
45349
45358
45364
45365
45367
45367
45369
45370
45373
45374
45375
45383
45386
45389
45389
45396
45401
45412
45420
45420
45422
45425
45433
45434
45437
45437
45437
45438
45439
45439
45440
45445
45452
45454
45455
45459
45460
45463
45464
45469
45469
45477
45480
45487
45489
45496
45499
45509
45511
45512
45513
45519
45519
45532
45534
45535
45536
45536
45537
45538
45543
45554
45556
45557
45558
45562
45564
45565
45565
45574
45581
45583
45592
45593
45602
45611
45611
45612
45613
45613
45614
45621
45622
45639
45649
45650
45651
45654
45664
45665
45684
45684
45686
45694
45694
45697
45697
45709
45710
45711
45733
45736
45738
45744
45749
45754
45757
45762
45764
45775
45775
45780
45784
45787
45790
45794
45801
45806
45811
45812
45813
45815
45822
45826
45831
45832
45836
45844
45850
45856
45871
45872
45886
45889
45892
45900
45901
45901
45903
45906
45912
45917
45918
45923
45928
45930
45944
45949
45952
45959
45961
45962
45972
45977
45979
45983
45989
45992
46004
46004
46012
46014
46019
46031
46034
46041
46046
46049
46052
46061
46070
46070
46071
46073
46083
46083
46085
46085
46088
46098
46099
46104
46105
46113
46115
46119
46120
46120
46121
46125
46127
46137
46138
46140
46145
46149
46150
46156
46161
46182
46182
46185
46186
46188
46194
46197
46199
46208
46210
46211
46212
46214
46217
46218
46221
46224
46231
46237
46240
46242
46248
46255
46257
46267
46267
46268
46269
46288
46289
46291
46291
46291
46297
46297
46304
46304
46305
46307
46316
46316
46317
46320
46323
46326
46326
46334
46336
46336
46341
46347
46347
46359
46360
46364
46370
46372
46380
46382
46385
46387
46389
46390
46391
46400
46402
46409
46415
46425
46436
46437
46437
46438
46440
46441
46446
46452
46460
46461
46472
46474
46474
46477
46480
46486
46488
46489
46498
46500
46501
46505
46515
46516
46520
46521
46522
46526
46535
46536
46542
46544
46545
46546
46548
46552
46578
46582
46583
46584
46590
46593
46598
46598
46598
46605
46608
46613
46615
46617
46620
46622
46623
46625
46625
46626
46637
46637
46644
46644
46646
46651
46652
46654
46658
46659
46659
46666
46666
46682
46684
46688
46705
46708
46709
46714
46716
46718
46718
46718
46722
46725
46727
46744
46746
46751
46752
46752
46758
46761
46766
46784
46785
46802
46805
46805
46808
46816
46823
46831
46836
46844
46852
46856
46864
46866
46875
46876
46884
46885
46888
46896
46896
46902
46904
46904
46905
46906
46909
46920
46923
46924
46924
46924
46925
46926
46927
46930
46934
46950
46950
46953
46954
46957
46962
46963
46972
46974
46978
46978
46980
46980
46982
46985
46985
46997
46999
47003
47005
47020
47029
47031
47031
47032
47033
47034
47037
47040
47042
47043
47045
47046
47047
47052
47058
47064
47066
47072
47074
47076
47079
47080
47081
47085
47088
47089
47098
47104
47112
47113
47119
47122
47123
47125
47125
47127
47129
47132
47143
47146
47149
47153
47155
47156
47163
47164
47173
47175
47188
47189
47189
47193
47195
47201
47212
47219
47221
47226
47230
47231
47233
47238
47239
47243
47246
47253
47260
47266
47270
47270
47272
47280
47284
47291
47297
47299
47302
47308
47312
47316
47317
47321
47326
47332
47334
47346
47347
47348
47351
47352
47355
47357
47359
47362
47362
47362
47363
47364
47364
47366
47376
47377
47380
47382
47389
47392
47398
47399
47400
47404
47407
47408
47413
47413
47418
47423
47424
47436
47439
47449
47450
47463
47465
47467
47471
47475
47479
47479
47480
47484
47488
47494
47501
47504
47511
47511
47511
47514
47517
47528
47528
47535
47536
47537
47541
47550
47551
47555
47559
47564
47578
47582
47582
47583
47593
47600
47605
47608
47609
47609
47617
47625
47629
47630
47631
47633
47654
47654
47655
47671
47672
47672
47674
47679
47680
47687
47688
47690
47693
47697
47698
47700
47715
47719
47720
47722
47723
47729
47730
47730
47731
47732
47737
47738
47739
47740
47745
47747
47747
47753
47755
47758
47759
47760
47765
47772
47772
47779
47779
47785
47787
47791
47792
47796
47799
47799
47801
47801
47802
47815
47816
47820
47828
47831
47831
47831
47831
47833
47834
47834
47839
47840
47842
47844
47846
47850
47850
47863
47864
47870
47870
47871
47873
47875
47875
47881
47882
47885
47886
47886
47887
47890
47897
47900
47904
47905
47912
47915
47927
47930
47943
47946
47948
47949
47957
47958
47958
47959
47960
47961
47962
47963
47965
47973
47976
47983
47985
47994
48007
48008
48012
48019
48021
48021
48024
48031
48032
48047
48052
48053
48053
48057
48057
48057
48060
48065
48066
48068
48068
48068
48071
48074
48081
48082
48088
48096
48106
48106
48106
48106
48108
48109
48117
48119
48134
48140
48144
48147
48151
48151
48155
48156
48156
48159
48167
48170
48172
48177
48178
48179
48182
48185
48197
48198
48200
48203
48206
48215
48223
48223
48225
48226
48230
48230
48233
48233
48242
48245
48248
48248
48249
48249
48256
48257
48262
48264
48267
48275
48276
48278
48288
48291
48291
48293
48297
48303
48303
48305
48316
48317
48318
48339
48339
48340
48344
48349
48351
48351
48357
48357
48360
48362
48364
48365
48366
48376
48382
48382
48394
48396
48398
48398
48402
48410
48415
48419
48429
48438
48448
48451
48468
48473
48491
48492
48492
48495
48497
48497
48499
48501
48504
48510
48516
48530
48531
48535
48537
48540
48544
48546
48547
48549
48557
48558
48559
48584
48584
48584
48586
48595
48597
48607
48622
48630
48634
48638
48640
48640
48641
48648
48651
48654
48655
48668
48671
48671
48674
48676
48680
48687
48688
48691
48697
48697
48699
48704
48718
48722
48723
48728
48729
48730
48735
48737
48737
48747
48753
48755
48760
48763
48763
48763
48763
48769
48776
48808
48810
48811
48818
48821
48822
48823
48824
48824
48824
48827
48835
48839
48845
48859
48861
48862
48863
48863
48864
48867
48878
48882
48888
48895
48896
48902
48903
48908
48912
48913
48916
48919
48921
48927
48929
48929
48932
48938
48940
48949
48954
48962
48965
48969
48976
48980
48986
48987
48991
48993
48999
49002
49007
49010
49012
49016
49016
49020
49021
49036
49037
49038
49039
49041
49044
49046
49048
49051
49052
49054
49054
49063
49064
49078
49081
49093
49097
49098
49104
49131
49131
49133
49135
49138
49143
49144
49148
49153
49153
49164
49166
49169
49169
49169
49186
49190
49192
49197
49199
49201
49202
49209
49209
49219
49223
49236
49237
49239
49242
49244
49244
49246
49256
49262
49262
49263
49264
49270
49272
49284
49287
49289
49297
49306
49311
49312
49324
49326
49337
49342
49343
49345
49346
49347
49349
49350
49354
49356
49357
49358
49361
49363
49367
49367
49368
49376
49376
49381
49382
49385
49386
49396
49397
49397
49405
49405
49406
49406
49407
49408
49414
49414
49417
49418
49425
49425
49428
49446
49446
49451
49457
49458
49467
49469
49476
49481
49486
49504
49513
49518
49523
49526
49527
49527
49528
49545
49547
49549
49556
49556
49563
49567
49569
49571
49576
49578
49580
49582
49586
49588
49597
49603
49607
49609
49613
49614
49621
49621
49626
49630
49636
49637
49639
49644
49654
49654
49656
49657
49658
49664
49666
49667
49671
49673
49674
49689
49690
49692
49694
49695
49699
49700
49703
49705
49706
49708
49717
49719
49720
49720
49722
49723
49723
49724
49725
49726
49728
49737
49741
49742
49752
49756
49762
49764
49784
49784
49785
49788
49792
49793
49795
49796
49798
49799
49814
49815
49817
49822
49830
49832
49837
49854
49858
49859
49866
49867
49867
49869
49875
49883
49891
49894
49895
49902
49906
49906
49910
49911
49915
49919
49928
49931
49937
49940
49941
49944
49953
49954
49965
49966
49967
49988
49988
49995
49996
49998
50003
50007
50008
50012
50013
50017
50027
50032
50036
50050
50059
50061
50064
50075
50076
50082
50092
50093
50100
50108
50108
50109
50111
50116
50117
50120
50123
50123
50124
50131
50132
50135
50140
50140
50151
50155
50155
50156
50162
50163
50163
50169
50176
50178
50178
50179
50184
50185
50190
50194
50197
50197
50197
50205
50214
50221
50223
50225
50248
50251
50258
50261
50268
50269
50273
50275
50280
50281
50282
50288
50290
50295
50296
50297
50303
50304
50305
50312
50316
50318
50319
50327
50329
50334
50334
50341
50341
50344
50347
50352
50353
50353
50353
50354
50355
50362
50364
50372
50376
50383
50385
50386
50390
50396
50400
50401
50402
50403
50412
50412
50415
50415
50416
50417
50418
50424
50424
50427
50441
50442
50445
50446
50446
50449
50451
50452
50459
50465
50472
50473
50475
50498
50502
50504
50504
50505
50506
50512
50518
50519
50523
50529
50533
50534
50534
50535
50539
50541
50545
50546
50548
50550
50555
50563
50564
50565
50571
50572
50575
50576
50576
50582
50588
50603
50612
50616
50617
50618
50619
50620
50624
50626
50626
50629
50634
50662
50664
50667
50667
50668
50672
50673
50676
50681
50686
50688
50689
50692
50696
50697
50714
50715
50722
50723
50723
50724
50726
50729
50738
50738
50739
50743
50748
50756
50759
50768
50771
50775
50778
50790
50791
50794
50800
50801
50805
50807
50820
50821
50823
50823
50832
50840
50844
50848
50849
50858
50861
50862
50866
50867
50869
50872
50875
50876
50881
50885
50894
50896
50906
50910
50912
50912
50914
50919
50924
50924
50926
50928
50933
50939
50940
50940
50951
50954
50956
50960
50967
50979
50980
50986
50987
50995
51000
51001
51007
51007
51008
51009
51011
51012
51019
51020
51022
51023
51024
51030
51041
51045
51053
51054
51059
51060
51073
51083
51084
51094
51094
51094
51095
51097
51110
51110
51110
51115
51117
51123
51125
51134
51140
51145
51146
51149
51154
51161
51164
51165
51165
51167
51170
51172
51183
51186
51187
51188
51191
51194
51197
51200
51203
51217
51219
51222
51224
51227
51227
51233
51240
51245
51246
51250
51253
51266
51268
51273
51275
51279
51280
51281
51284
51285
51286
51292
51298
51303
51305
51307
51307
51309
51310
51328
51329
51332
51338
51338
51340
51348
51356
51362
51364
51367
51370
51371
51372
51374
51379
51380
51383
51384
51389
51405
51409
51410
51416
51421
51431
51434
51445
51447
51448
51455
51461
51464
51467
51478
51482
51485
51485
51495
51505
51508
51521
51523
51528
51529
51539
51540
51546
51551
51551
51560
51564
51568
51576
51580
51584
51586
51590
51596
51603
51606
51610
51612
51613
51616
51616
51616
51623
51645
51645
51648
51653
51653
51653
51654
51657
51658
51662
51669
51670
51671
51676
51678
51679
51679
51688
51699
51702
51703
51706
51707
51711
51719
51719
51721
51727
51733
51733
51745
51745
51754
51754
51754
51758
51763
51765
51765
51765
51769
51772
51772
51787
51790
51792
51794
51795
51814
51818
51819
51820
51822
51827
51827
51832
51840
51845
51846
51848
51859
51861
51866
51876
51877
51877
51886
51886
51888
51893
51903
51904
51905
51909
51912
51916
51920
51921
51926
51929
51930
51931
51933
51936
51938
51938
51939
51948
51950
51952
51952
51954
51959
51966
51966
51970
51973
51973
51974
51985
51988
51988
51990
51996
51999
52001
52012
52024
52038
52047
52052
52055
52058
52073
52076
52077
52079
52080
52082
52083
52100
52102
52103
52105
52105
52107
52113
52117
52119
52127
52134
52140
52150
52151
52152
52153
52153
52155
52158
52158
52168
52168
52180
52183
52188
52190
52193
52198
52201
52205
52207
52213
52215
52222
52224
52227
52234
52236
52241
52243
52250
52251
52253
52257
52258
52267
52269
52272
52272
52276
52277
52278
52280
52280
52281
52282
52282
52287
52287
52293
52306
52308
52320
52324
52329
52333
52340
52344
52345
52347
52357
52358
52364
52375
52375
52375
52377
52395
52395
52396
52399
52405
52416
52419
52419
52421
52422
52424
52430
52438
52443
52446
52453
52459
52463
52463
52464
52466
52469
52471
52473
52479
52482
52486
52487
52488
52490
52501
52503
52505
52525
52526
52528
52531
52549
52550
52555
52556
52556
52564
52566
52573
52576
52577
52578
52583
52591
52599
52612
52613
52613
52615
52615
52616
52618
52626
52631
52631
52641
52641
52660
52661
52661
52667
52677
52679
52684
52688
52695
52701
52708
52710
52711
52714
52714
52717
52719
52721
52730
52731
52743
52752
52757
52763
52766
52777
52778
52783
52784
52785
52787
52788
52791
52796
52799
52815
52816
52819
52827
52828
52836
52836
52836
52838
52838
52856
52862
52864
52876
52891
52891
52896
52898
52905
52912
52920
52923
52923
52930
52940
52944
52953
52961
52962
52969
52970
52970
52971
52972
52980
52982
52990
52992
52995
53002
53002
53017
53032
53032
53034
53037
53038
53042
53046
53046
53048
53057
53061
53061
53062
53064
53066
53070
53074
53081
53083
53088
53089
53109
53109
53115
53116
53117
53117
53120
53132
53138
53140
53141
53141
53144
53154
53157
53158
53158
53161
53162
53164
53174
53186
53187
53192
53192
53196
53202
53204
53204
53207
53208
53211
53212
53217
53218
53218
53222
53222
53224
53224
53225
53226
53230
53232
53235
53252
53258
53263
53271
53292
53293
53296
53298
53305
53310
53311
53325
53339
53350
53354
53356
53357
53361
53362
53363
53366
53368
53369
53374
53380
53386
53391
53394
53396
53399
53401
53403
53405
53407
53409
53409
53409
53412
53418
53420
53425
53426
53431
53434
53435
53436
53448
53449
53453
53455
53459
53466
53468
53473
53474
53480
53480
53486
53493
53500
53502
53503
53512
53524
53524
53534
53535
53536
53539
53552
53554
53557
53560
53575
53576
53583
53585
53588
53593
53597
53600
53600
53607
53616
53622
53624
53625
53626
53630
53642
53645
53645
53649
53655
53655
53657
53666
53668
53670
53677
53677
53680
53681
53685
53692
53695
53704
53705
53710
53718
53719
53725
53726
53727
53740
53741
53744
53745
53747
53755
53769
53774
53775
53779
53779
53786
53787
53791
53793
53802
53804
53806
53808
53812
53815
53816
53816
53818
53821
53822
53824
53828
53832
53833
53834
53837
53845
53847
53848
53856
53857
53867
53867
53871
53876
53878
53882
53886
53889
53890
53896
53900
53906
53917
53924
53924
53930
53932
53933
53933
53950
53950
53952
53957
53957
53960
53962
53965
53965
53968
53970
53970
53977
53979
53979
53980
53991
54000
54001
54003
54004
54004
54010
54010
54013
54016
54017
54018
54019
54022
54023
54025
54031
54049
54051
54052
54056
54056
54057
54057
54057
54059
54060
54063
54063
54064
54079
54092
54115
54128
54128
54129
54131
54135
54136
54146
54152
54159
54159
54160
54168
54168
54168
54173
54195
54201
54216
54221
54224
54230
54233
54237
54243
54250
54251
54258
54258
54259
54262
54270
54275
54277
54278
54280
54282
54288
54295
54297
54300
54303
54305
54309
54310
54324
54328
54329
54333
54335
54343
54347
54350
54352
54353
54355
54357
54368
54377
54383
54386
54387
54394
54409
54414
54414
54415
54424
54428
54433
54435
54445
54460
54461
54472
54476
54484
54489
54492
54496
54502
54505
54505
54511
54516
54517
54520
54528
54529
54529
54531
54536
54538
54545
54545
54553
54554
54563
54566
54568
54569
54581
54583
54591
54596
54598
54599
54608
54615
54619
54620
54622
54623
54625
54629
54642
54646
54648
54649
54654
54665
54673
54675
54677
54679
54688
54691
54710
54711
54711
54711
54714
54714
54716
54716
54721
54725
54727
54736
54738
54742
54749
54750
54757
54759
54759
54775
54790
54793
54793
54796
54798
54802
54804
54807
54807
54817
54818
54819
54821
54823
54825
54829
54830
54831
54832
54842
54842
54846
54847
54853
54856
54857
54857
54861
54861
54868
54871
54872
54874
54874
54880
54882
54883
54893
54894
54897
54901
54906
54909
54912
54935
54937
54939
54942
54943
54947
54960
54971
54971
54990
55014
55018
55024
55031
55032
55034
55043
55051
55053
55054
55056
55061
55064
55065
55067
55067
55068
55082
55084
55089
55092
55093
55093
55094
55096
55098
55100
55114
55118
55123
55125
55130
55133
55141
55141
55143
55153
55156
55161
55162
55163
55163
55168
55170
55177
55181
55183
55184
55188
55192
55193
55196
55196
55197
55201
55207
55216
55225
55227
55232
55232
55240
55241
55253
55256
55257
55263
55264
55264
55267
55268
55270
55271
55272
55274
55280
55281
55286
55286
55286
55288
55292
55297
55315
55316
55334
55340
55342
55344
55349
55352
55362
55367
55368
55371
55374
55377
55384
55384
55385
55388
55390
55390
55393
55398
55401
55406
55407
55410
55414
55414
55416
55422
55432
55443
55444
55445
55448
55448
55454
55466
55468
55472
55473
55474
55482
55483
55494
55499
55503
55503
55505
55507
55507
55509
55517
55520
55522
55531
55533
55533
55534
55540
55540
55545
55550
55552
55556
55557
55558
55564
55566
55569
55573
55576
55581
55584
55584
55591
55617
55618
55619
55625
55636
55636
55644
55652
55653
55658
55666
55676
55677
55684
55686
55690
55694
55697
55716
55727
55733
55742
55743
55746
55746
55749
55751
55755
55757
55759
55761
55764
55773
55773
55783
55786
55789
55794
55795
55806
55812
55819
55822
55823
55823
55827
55828
55834
55835
55837
55838
55846
55847
55850
55851
55851
55852
55853
55857
55858
55873
55876
55880
55887
55902
55905
55924
55929
55934
55949
55955
55956
55964
55964
55966
55967
55969
55977
55991
55993
55994
55995
55997
55999
56001
56001
56009
56009
56010
56015
56015
56019
56021
56026
56030
56031
56041
56042
56050
56055
56056
56058
56061
56071
56075
56077
56094
56112
56113
56113
56124
56126
56134
56150
56151
56156
56163
56169
56169
56176
56176
56183
56186
56197
56202
56203
56206
56206
56206
56208
56218
56222
56224
56233
56238
56241
56242
56244
56245
56247
56247
56250
56254
56255
56256
56258
56262
56272
56283
56285
56287
56289
56294
56294
56300
56306
56310
56312
56315
56315
56319
56326
56328
56343
56347
56348
56351
56353
56356
56357
56359
56364
56366
56375
56376
56387
56389
56392
56393
56395
56400
56402
56405
56413
56413
56419
56439
56440
56441
56445
56446
56451
56451
56453
56463
56477
56482
56487
56497
56500
56502
56507
56509
56511
56512
56514
56516
56521
56522
56524
56535
56535
56542
56546
56549
56559
56561
56564
56564
56565
56566
56567
56571
56575
56575
56584
56586
56586
56586
56591
56593
56601
56608
56609
56612
56615
56616
56616
56622
56627
56646
56646
56649
56663
56667
56668
56672
56683
56684
56685
56687
56687
56696
56708
56712
56716
56722
56730
56732
56735
56737
56737
56740
56753
56754
56768
56772
56774
56779
56780
56781
56785
56785
56790
56794
56794
56801
56802
56804
56811
56818
56824
56826
56833
56836
56841
56846
56859
56859
56862
56867
56870
56871
56875
56877
56877
56882
56885
56885
56886
56895
56896
56909
56910
56916
56919
56926
56933
56937
56941
56942
56950
56954
56954
56964
56975
56981
56983
56986
56987
56991
56991
56993
56997
57007
57008
57013
57020
57022
57024
57031
57033
57037
57038
57041
57061
57064
57069
57085
57095
57100
57110
57114
57116
57122
57126
57133
57138
57140
57145
57145
57148
57156
57163
57166
57168
57170
57174
57176
57178
57179
57184
57196
57200
57204
57205
57206
57207
57217
57218
57220
57221
57231
57233
57239
57242
57243
57245
57245
57246
57248
57255
57256
57257
57263
57265
57269
57270
57270
57278
57279
57284
57285
57289
57291
57293
57294
57298
57298
57301
57301
57304
57306
57316
57318
57321
57322
57326
57328
57334
57337
57337
57339
57342
57342
57344
57345
57346
57347
57347
57349
57351
57356
57358
57362
57371
57372
57378
57381
57390
57390
57397
57401
57407
57409
57409
57413
57422
57422
57423
57424
57444
57449
57456
57460
57463
57475
57477
57489
57499
57505
57507
57507
57509
57512
57521
57522
57526
57532
57535
57546
57548
57553
57558
57558
57570
57572
57574
57575
57580
57584
57586
57587
57594
57606
57607
57611
57617
57620
57626
57628
57639
57640
57640
57640
57643
57648
57649
57651
57659
57660
57668
57669
57671
57671
57674
57674
57677
57696
57696
57698
57709
57715
57715
57716
57719
57727
57736
57741
57743
57749
57753
57756
57756
57756
57757
57760
57761
57766
57773
57786
57787
57802
57804
57806
57812
57812
57815
57823
57825
57828
57830
57834
57838
57840
57842
57842
57843
57852
57871
57880
57883
57891
57892
57892
57894
57898
57900
57902
57905
57907
57908
57913
57914
57916
57920
57925
57925
57929
57933
57934
57934
57936
57936
57954
57962
57964
57967
57971
57972
57973
57976
57979
57979
57982
57988
57992
57993
57997
57997
57999
57999
58008
58013
58041
58047
58051
58054
58056
58059
58068
58069
58074
58076
58077
58095
58098
58098
58105
58112
58115
58124
58126
58128
58129
58131
58134
58143
58145
58147
58149
58153
58158
58158
58170
58171
58172
58176
58179
58182
58191
58195
58203
58203
58209
58209
58226
58234
58234
58239
58241
58243
58247
58248
58252
58253
58257
58264
58266
58267
58271
58293
58296
58296
58300
58305
58305
58325
58325
58326
58328
58335
58337
58340
58342
58342
58344
58344
58346
58347
58348
58349
58351
58352
58355
58356
58358
58358
58368
58374
58379
58382
58383
58385
58387
58392
58399
58400
58402
58402
58404
58405
58405
58407
58420
58423
58425
58427
58427
58429
58432
58433
58434
58438
58438
58438
58440
58440
58442
58443
58447
58465
58477
58481
58482
58486
58491
58495
58497
58503
58504
58505
58511
58525
58528
58535
58535
58544
58547
58552
58563
58565
58572
58574
58581
58587
58592
58593
58595
58600
58618
58620
58626
58627
58630
58633
58634
58636
58638
58647
58648
58648
58655
58659
58667
58667
58668
58668
58670
58673
58673
58674
58679
58683
58695
58698
58699
58714
58715
58718
58719
58728
58733
58738
58757
58759
58778
58782
58786
58789
58792
58798
58800
58805
58805
58806
58816
58821
58823
58839
58850
58851
58859
58860
58865
58874
58877
58878
58879
58883
58884
58884
58889
58894
58895
58895
58901
58902
58905
58908
58909
58909
58910
58914
58920
58924
58927
58932
58934
58938
58950
58954
58957
58969
58976
58977
58982
58982
58983
58985
58996
58997
59006
59011
59014
59018
59024
59027
59027
59028
59028
59029
59034
59043
59046
59047
59048
59049
59053
59057
59077
59077
59081
59089
59090
59091
59094
59099
59101
59103
59106
59108
59119
59120
59121
59133
59137
59139
59139
59142
59143
59145
59147
59151
59155
59158
59162
59171
59175
59177
59186
59186
59192
59196
59210
59210
59217
59230
59245
59247
59254
59254
59257
59258
59265
59266
59268
59272
59275
59276
59277
59277
59281
59286
59287
59287
59295
59296
59302
59304
59305
59310
59334
59337
59340
59344
59353
59360
59365
59367
59373
59378
59381
59383
59389
59390
59392
59395
59397
59402
59415
59416
59416
59416
59428
59432
59439
59442
59450
59453
59463
59463
59469
59470
59471
59474
59478
59480
59480
59486
59489
59495
59498
59502
59504
59507
59510
59511
59512
59514
59515
59516
59525
59529
59535
59536
59537
59541
59551
59554
59557
59562
59566
59567
59567
59575
59575
59580
59584
59586
59588
59591
59592
59593
59594
59595
59596
59605
59608
59611
59613
59616
59618
59621
59629
59630
59630
59633
59639
59641
59642
59647
59648
59648
59656
59666
59669
59675
59677
59678
59678
59681
59690
59691
59692
59694
59699
59702
59703
59706
59708
59710
59715
59718
59734
59738
59739
59742
59755
59761
59766
59769
59777
59778
59782
59783
59789
59794
59794
59796
59801
59811
59815
59817
59817
59818
59825
59826
59836
59836
59842
59842
59847
59847
59854
59863
59866
59875
59877
59878
59879
59889
59894
59895
59898
59900
59905
59908
59910
59916
59920
59920
59922
59928
59937
59942
59947
59948
59955
59958
59963
59964
59968
59970
59974
59979
59983
59988
59994
60009
60012
60016
60016
60023
60023
60027
60028
60040
60041
60043
60044
60046
60048
60059
60061
60061
60064
60067
60069
60070
60072
60077
60083
60087
60091
60097
60101
60101
60102
60104
60106
60106
60107
60112
60120
60125
60128
60139
60139
60146
60147
60168
60168
60178
60196
60197
60207
60208
60220
60227
60228
60229
60237
60240
60240
60243
60243
60246
60250
60252
60253
60255
60257
60262
60263
60268
60272
60279
60291
60292
60298
60298
60312
60319
60320
60331
60331
60337
60341
60343
60346
60348
60349
60354
60360
60363
60368
60371
60373
60390
60398
60410
60411
60413
60417
60432
60437
60440
60440
60447
60457
60458
60468
60470
60473
60474
60492
60494
60494
60496
60498
60500
60501
60504
60504
60507
60511
60513
60515
60523
60523
60524
60526
60528
60533
60535
60535
60537
60537
60549
60562
60565
60567
60573
60575
60587
60613
60614
60616
60619
60626
60635
60637
60640
60641
60645
60650
60652
60657
60661
60663
60675
60677
60678
60679
60681
60690
60701
60704
60725
60730
60742
60744
60749
60755
60755
60763
60766
60767
60773
60776
60789
60792
60793
60807
60808
60809
60813
60816
60828
60832
60840
60840
60846
60848
60859
60859
60859
60860
60881
60888
60888
60889
60891
60897
60903
60906
60918
60924
60926
60929
60931
60935
60935
60946
60952
60966
60967
60969
60969
60972
60974
60984
60989
60990
60996
60999
61004
61006
61012
61013
61013
61021
61025
61028
61028
61034
61039
61040
61041
61044
61045
61050
61052
61054
61058
61065
61067
61070
61073
61081
61084
61086
61098
61106
61116
61122
61123
61124
61130
61133
61134
61139
61143
61154
61154
61155
61158
61162
61164
61168
61172
61173
61177
61184
61189
61191
61194
61195
61198
61200
61210
61212
61224
61229
61232
61235
61236
61242
61250
61252
61254
61257
61259
61266
61271
61277
61278
61280
61280
61282
61283
61284
61292
61299
61300
61303
61305
61307
61311
61314
61316
61321
61321
61325
61339
61347
61347
61349
61350
61351
61354
61360
61366
61368
61372
61373
61374
61374
61375
61378
61380
61381
61388
61392
61396
61399
61402
61404
61409
61417
61417
61421
61432
61438
61448
61455
61462
61463
61464
61469
61471
61471
61472
61473
61476
61478
61478
61480
61488
61490
61490
61490
61492
61497
61499
61504
61505
61507
61521
61521
61527
61528
61535
61540
61546
61546
61553
61554
61556
61557
61558
61560
61565
61569
61577
61579
61585
61590
61591
61592
61594
61596
61601
61601
61603
61606
61608
61613
61616
61617
61620
61631
61636
61640
61651
61653
61660
61667
61675
61682
61694
61700
61702
61703
61703
61704
61705
61719
61720
61725
61733
61735
61736
61740
61741
61745
61745
61747
61749
61753
61765
61770
61775
61778
61780
61786
61788
61790
61793
61793
61798
61807
61809
61812
61815
61817
61822
61822
61823
61825
61837
61839
61842
61842
61842
61849
61855
61855
61868
61870
61872
61891
61895
61896
61897
61901
61905
61907
61913
61926
61928
61929
61940
61941
61942
61945
61952
61952
61955
61956
61960
61965
61978
61982
61983
61986
61988
61989
61998
61999
62002
62008
62013
62017
62017
62031
62034
62037
62041
62042
62042
62045
62048
62059
62062
62070
62070
62074
62077
62081
62082
62087
62089
62093
62097
62100
62109
62116
62118
62118
62119
62119
62119
62120
62122
62127
62132
62134
62134
62139
62140
62141
62143
62143
62154
62156
62163
62164
62166
62176
62182
62184
62185
62203
62205
62207
62214
62216
62217
62220
62224
62236
62239
62253
62260
62261
62274
62278
62278
62286
62289
62294
62294
62295
62296
62298
62300
62302
62305
62311
62320
62323
62324
62328
62330
62331
62336
62339
62341
62343
62344
62346
62347
62357
62362
62369
62381
62383
62389
62390
62402
62413
62414
62418
62421
62421
62422
62427
62428
62431
62432
62434
62440
62443
62444
62447
62449
62450
62451
62456
62459
62466
62479
62483
62496
62497
62498
62500
62500
62500
62503
62505
62508
62520
62524
62532
62547
62553
62560
62560
62563
62564
62566
62570
62576
62576
62583
62586
62608
62609
62615
62615
62621
62621
62621
62627
62636
62637
62638
62651
62654
62654
62667
62671
62673
62674
62674
62677
62683
62683
62683
62693
62695
62696
62701
62702
62703
62703
62709
62717
62718
62719
62722
62724
62725
62746
62747
62747
62748
62750
62758
62760
62760
62761
62764
62774
62776
62778
62779
62785
62787
62788
62794
62798
62799
62800
62800
62801
62805
62813
62814
62815
62816
62817
62828
62834
62836
62842
62844
62848
62851
62857
62857
62862
62868
62872
62873
62875
62877
62878
62881
62885
62887
62890
62895
62895
62904
62907
62907
62910
62911
62913
62916
62919
62925
62926
62926
62927
62928
62930
62935
62939
62940
62946
62948
62950
62963
62964
62964
62968
62969
62975
62977
62979
62985
62988
62990
62994
62997
63001
63003
63004
63006
63007
63015
63017
63020
63021
63021
63030
63035
63040
63052
63053
63060
63061
63072
63079
63081
63083
63089
63096
63112
63117
63117
63120
63122
63129
63130
63140
63143
63145
63145
63146
63160
63162
63168
63169
63173
63179
63180
63181
63186
63188
63190
63191
63194
63195
63197
63198
63205
63207
63211
63214
63216
63235
63236
63241
63242
63244
63245
63247
63249
63251
63253
63258
63258
63264
63266
63285
63285
63286
63288
63288
63299
63305
63306
63308
63309
63313
63313
63316
63319
63325
63328
63337
63350
63352
63353
63353
63362
63365
63377
63384
63388
63394
63401
63407
63407
63407
63408
63412
63420
63422
63426
63426
63426
63432
63432
63446
63456
63461
63461
63463
63465
63466
63470
63472
63473
63476
63476
63478
63485
63487
63490
63498
63499
63501
63503
63505
63511
63511
63518
63520
63530
63540
63542
63546
63547
63548
63563
63564
63564
63565
63565
63580
63582
63591
63593
63595
63597
63603
63603
63604
63606
63611
63622
63625
63626
63627
63647
63649
63654
63661
63662
63668
63672
63674
63677
63680
63685
63694
63695
63697
63703
63720
63720
63720
63729
63731
63733
63736
63739
63743
63756
63757
63761
63762
63769
63771
63772
63772
63780
63792
63796
63796
63801
63803
63804
63806
63807
63812
63816
63820
63820
63826
63834
63841
63841
63844
63853
63854
63855
63856
63856
63860
63861
63867
63870
63876
63880
63884
63894
63896
63897
63902
63911
63912
63917
63918
63920
63923
63929
63933
63934
63939
63941
63946
63947
63949
63951
63954
63964
63965
63968
63972
63973
63976
63978
63978
63988
63990
63996
63998
63999
64000
64003
64006
64014
64018
64020
64021
64021
64034
64035
64035
64039
64039
64042
64042
64042
64043
64049
64053
64055
64058
64059
64071
64072
64076
64087
64088
64093
64094
64097
64098
64103
64104
64109
64114
64121
64121
64128
64130
64130
64134
64138
64138
64140
64145
64149
64157
64160
64161
64162
64174
64174
64176
64178
64178
64180
64185
64195
64200
64202
64204
64208
64221
64223
64225
64225
64227
64230
64233
64245
64247
64251
64254
64255
64259
64273
64274
64289
64293
64294
64298
64305
64307
64330
64332
64342
64345
64345
64345
64347
64357
64359
64363
64370
64372
64375
64381
64381
64386
64392
64393
64396
64396
64399
64403
64404
64405
64406
64407
64409
64414
64415
64421
64426
64427
64436
64437
64440
64445
64454
64454
64463
64475
64483
64493
64494
64498
64500
64501
64503
64504
64517
64525
64532
64535
64535
64536
64537
64539
64542
64546
64553
64554
64555
64556
64566
64567
64567
64568
64571
64574
64574
64575
64579
64579
64583
64584
64586
64592
64596
64597
64597
64597
64609
64613
64613
64617
64618
64619
64622
64626
64630
64631
64644
64644
64648
64649
64651
64658
64658
64661
64661
64662
64675
64693
64694
64706
64706
64708
64711
64715
64722
64723
64725
64731
64733
64735
64742
64751
64756
64757
64764
64768
64769
64770
64774
64774
64779
64782
64787
64797
64798
64803
64803
64806
64807
64809
64809
64820
64828
64832
64836
64840
64843
64843
64845
64852
64853
64858
64858
64869
64871
64880
64881
64881
64885
64891
64913
64918
64921
64927
64932
64934
64938
64939
64942
64945
64956
64957
64965
64977
64978
64988
64994
64994
65006
65006
65009
65010
65021
65021
65021
65025
65027
65037
65043
65050
65056
65063
65072
65072
65073
65073
65088
65089
65100
65106
65111
65115
65116
65126
65129
65130
65137
65138
65140
65141
65152
65152
65160
65163
65164
65166
65167
65168
65178
65181
65185
65198
65202
65204
65206
65207
65208
65209
65210
65223
65225
65232
65237
65243
65243
65245
65245
65255
65259
65261
65263
65268
65271
65275
65275
65284
65284
65287
65291
65297
65303
65304
65309
65314
65323
65324
65329
65329
65330
65331
65337
65340
65359
65371
65372
65380
65387
65394
65395
65397
65398
65405
65408
65417
65418
65430
65435
65442
65442
65442
65443
65459
65467
65469
65471
65474
65475
65476
65479
65487
65492
65505
65510
65512
65513
65517
65518
65522
65522
65522
65531
0.001780 seconds