11
29
31
97
122
167
178
183
186
194
277
357
370
424
451
453
495
542
544
569
602
603
811
865
870
926
926
1044
1060
1073
1147
1176
1254
1263
1291
1293
1396
1451
1510
1564
1595
1663
1681
1726
1758
1793
1811
1812
1816
1838
1885
1921
2029
2098
2142
2169
2247
2293
2346
2403
2439
2460
2463
2493
2538
2598
2611
2623
2670
2711
2714
2744
2748
2772
2810
2895
2946
2974
3024
3037
3052
3064
3120
3159
3216
3253
3254
3386
3403
3438
3451
3457
3472
3549
3551
3720
3724
3779
3863
3873
3958
4009
4022
4031
4051
4071
4134
4148
4154
4188
4219
4265
4276
4311
4346
4353
4440
4468
4476
4516
4532
4560
4574
4603
4605
4614
4658
4665
4828
4865
5045
5053
5154
5159
5165
5171
5203
5204
5225
5248
5251
5254
5270
5277
5353
5376
5383
5409
5421
5485
5494
5613
5617
5643
5652
5689
5743
5800
5821
5839
5842
5860
5870
5878
5899
5928
6054
6117
6122
6141
6161
6171
6283
6285
6326
6331
6437
6453
6607
6618
6661
6720
6747
6807
6861
6915
6979
7051
7071
7092
7139
7147
7160
7163
7197
7212
7244
7292
7301
7344
7388
7389
7397
7450
7489
7549
7554
7583
7589
7600
7616
7705
7773
7789
7812
7841
7905
7955
8019
8023
8027
8101
8123
8137
8167
8232
8234
8257
8275
8290
8290
8301
8310
8333
8366
8381
8386
8408
8458
8470
8530
8540
8605
8614
8640
8666
8706
8739
8791
8826
8858
8874
8903
8951
8952
9002
9003
9033
9037
9055
9067
9070
9122
9151
9160
9165
9172
9220
9223
9237
9243
9272
9288
9320
9343
9399
9498
9506
9514
9566
9649
9664
9791
9796
9799
9821
9917
9939
9940
9962
10057
10067
10124
10131
10143
10160
10184
10236
10305
10326
10327
10353
10441
10496
10548
10566
10584
10587
10600
10672
10694
10711
10763
10774
10822
10853
10864
10872
10873
10889
10902
10909
10918
10943
10950
10973
10986
11039
11097
11110
11136
11150
11220
11297
11313
11329
11374
11421
11449
11451
11468
11526
11541
11543
11547
11609
11617
11628
11672
11723
11757
11768
11777
11779
11788
11796
11815
11906
11925
11934
11960
12073
12131
12168
12277
12299
12330
12332
12513
12554
12606
12607
12663
12664
12671
12701
12712
12714
12774
12780
12783
12810
12867
12892
12994
13019
13021
13100
13147
13173
13252
13255
13311
13337
13340
13378
13408
13446
13449
13450
13531
13573
13590
13592
13602
13646
13688
13692
13731
13749
13761
13779
13793
13793
13812
13827
13834
13884
13913
13941
13957
13974
14012
14016
14041
14060
14080
14106
14109
14125
14178
14214
14226
14248
14277
14284
14294
14322
14326
14329
14457
14510
14524
14569
14575
14577
14595
14609
14609
14627
14687
14691
14700
14724
14748
14779
14813
14835
14867
14900
14923
14940
14955
14962
15031
15032
15069
15093
15123
15187
15248
15258
15305
15326
15375
15385
15442
15576
15777
15799
15807
15811
15852
15909
15970
16000
16016
16021
16039
16060
16071
16082
16115
16117
16174
16200
16223
16238
16273
16383
16407
16413
16573
16655
16670
16701
16772
16901
16983
17002
17041
17059
17069
17138
17169
17175
17247
17310
17312
17329
17331
17358
17413
17419
17457
17511
17532
17536
17551
17597
17611
17648
17678
17717
17843
17851
17948
17948
17999
18007
18007
18056
18056
18157
18232
18294
18307
18342
18380
18399
18465
18573
18597
18632
18737
18787
18841
18851
18866
18881
18927
18941
18965
18973
18976
19001
19053
19091
19188
19252
19268
19276
19294
19299
19304
19321
19372
19384
19488
19506
19522
19542
19625
19678
19680
19758
19764
19795
19818
19825
19826
19830
19882
19974
20043
20190
20194
20207
20222
20228
20262
20265
20269
20332
20334
20493
20524
20532
20558
20590
20642
20656
20696
20708
20732
20834
20835
20858
20869
20877
20887
20941
20968
21027
21028
21033
21089
21118
21127
21146
21186
21190
21245
21246
21319
21329
21387
21414
21421
21421
21430
21481
21483
21507
21525
21562
21616
21617
21622
21622
21623
21627
21669
21689
21723
21749
21753
21814
21855
21869
21909
21935
21956
21959
22103
22151
22151
22159
22170
22173
22213
22219
22294
22306
22355
22472
22514
22552
22596
22731
22772
22777
22841
22852
22911
22915
22926
22961
22979
22980
22993
23026
23087
23092
23101
23110
23135
23184
23193
23213
23251
23254
23270
23271
23308
23317
23353
23449
23468
23489
23494
23500
23515
23563
23572
23599
23660
23669
23699
23708
23732
23823
23900
23930
23931
23948
23950
23966
24009
24022
24042
24155
24202
24214
24220
24226
24226
24247
24257
24272
24312
24325
24331
24340
24378
24394
24402
24405
24457
24476
24492
24527
24539
24556
24563
24596
24598
24624
24682
24693
24695
24721
24781
24832
24904
24909
24910
24918
24933
25048
25059
25097
25115
25164
25218
25238
25414
25421
25537
25544
25547
25595
25600
25654
25664
25697
25756
25773
25791
25798
25821
25833
25902
25916
25923
25938
25979
25990
26009
26061
26065
26114
26129
26146
26167
26168
26224
26268
26283
26296
26300
26305
26436
26457
26477
26517
26554
26626
26657
26679
26735
26807
26815
26831
26831
26892
26912
26946
27014
27049
27063
27078
27099
27104
27173
27216
27247
27301
27328
27334
27335
27384
27396
27426
27434
27435
27443
27467
27475
27554
27613
27634
27688
27771
27785
27853
27894
27921
27923
27961
28021
28025
28062
28113
28178
28286
28293
28352
28359
28364
28452
28521
28535
28604
28605
28718
28804
28944
28964
28986
29005
29006
29011
29076
29077
29106
29124
29149
29154
29174
29212
29229
29233
29247
29263
29315
29323
29349
29403
29413
29415
29444
29521
29544
29560
29597
29675
29682
29724
29732
29747
29812
29839
29874
29895
29897
29927
29950
30011
30069
30119
30127
30163
30243
30328
30342
30395
30407
30413
30426
30436
30454
30552
30555
30624
30629
30634
30665
30727
30741
30744
30768
30786
30791
30931
30963
30966
30971
30972
30989
31027
31061
31081
31082
31088
31093
31126
31127
31153
31175
31261
31264
31291
31300
31311
31374
31424
31426
31454
31469
31504
31542
31562
31619
31647
31773
31895
31940
32005
32202
32204
32230
32249
32276
32280
32357
32369
32429
32470
32516
32566
32607
32612
32616
32616
32686
32724
32753
32764
32770
32855
32866
32870
32922
33013
33047
33068
33122
33123
33208
33270
33271
33287
33333
33377
33405
33412
33415
33419
33446
33470
33522
33524
33650
33655
33720
33722
33727
33823
33833
33864
33868
33878
33921
33976
33995
34006
34012
34041
34056
34083
34095
34098
34115
34116
34147
34197
34239
34303
34308
34340
34477
34486
34487
34514
34524
34595
34702
34742
34772
34815
34826
34826
34826
34828
34831
34860
34885
34939
34961
34962
34963
34978
34991
35048
35059
35061
35082
35087
35090
35125
35217
35248
35264
35288
35368
35385
35455
35606
35779
35838
35854
35887
35977
35987
36050
36107
36181
36199
36204
36229
36329
36368
36422
36424
36427
36442
36455
36479
36512
36524
36533
36590
36643
36685
36694
36724
36731
36739
36774
36858
36878
36897
36899
36925
36938
36960
36961
37005
37075
37184
37193
37202
37264
37342
37357
37409
37444
37458
37486
37495
37554
37575
37617
37619
37622
37626
37692
37698
37714
37727
37735
37812
37861
37871
37907
37912
37947
37964
37964
37973
38002
38043
38048
38048
38065
38079
38125
38132
38141
38144
38151
38264
38337
38379
38434
38451
38516
38528
38542
38553
38560
38569
38572
38589
38592
38595
38599
38657
38676
38725
38765
38772
38796
38833
38862
38905
39036
39139
39160
39184
39204
39236
39266
39277
39282
39377
39390
39397
39404
39413
39463
39497
39567
39618
39690
39732
39741
39753
39766
39846
39854
39881
39884
39904
39993
39996
40011
40022
40053
40058
40148
40170
40221
40241
40249
40263
40391
40391
40412
40412
40445
40481
40545
40578
40589
40594
40644
40684
40710
40836
40865
40900
40918
40936
40937
40958
40976
41126
41160
41197
41260
41294
41300
41328
41366
41379
41391
41396
41433
41507
41523
41613
41656
41681
41708
41746
41814
41835
41864
41865
41874
41876
41878
41908
41912
41930
41936
41980
41988
42043
42086
42105
42110
42119
42178
42252
42270
42363
42393
42428
42532
42572
42626
42634
42672
42715
42757
42779
42781
42819
42827
42878
42899
42900
42956
42957
42990
42993
43012
43165
43177
43181
43182
43202
43211
43284
43296
43316
43320
43363
43366
43377
43383
43385
43398
43399
43417
43508
43529
43637
43653
43668
43668
43685
43689
43690
43717
43827
43839
43848
43988
43993
44007
44008
44023
44057
44103
44161
44188
44191
44194
44290
44329
44358
44378
44410
44419
44448
44448
44490
44506
44560
44582
44635
44667
44696
44770
44786
44836
44884
44926
44929
44951
45009
45150
45183
45216
45218
45247
45294
45320
45367
45369
45420
45439
45535
45536
45611
45614
45639
45654
45710
45757
45780
45790
45822
45856
45886
45928
45983
46070
46120
46127
46194
46297
46326
46326
46382
46391
46425
46437
46452
46477
46489
46501
46520
46522
46544
46622
46623
46626
46637
46688
46718
46725
46744
46805
46876
46904
46906
46920
46924
46950
46980
46985
46997
47029
47031
47043
47047
47072
47125
47132
47155
47163
47189
47193
47233
47348
47359
47398
47404
47413
47479
47528
47535
47541
47578
47700
47715
47729
47730
47738
47740
47747
47758
47760
47779
47799
47801
47831
47831
47840
47882
47904
47958
47963
48012
48024
48031
48053
48053
48088
48151
48179
48200
48242
48276
48291
48297
48303
48351
48365
48429
48492
48584
48640
48655
48668
48676
48691
48697
48722
48735
48929
48938
48986
48999
49010
49041
49144
49166
49199
49236
49347
49354
49367
49381
49513
49527
49545
49586
49626
49630
49654
49667
49722
49752
49756
49832
49859
49875
49906
49928
49931
49988
50093
50108
50123
50124
50140
50140
50162
50223
50273
50295
50334
50341
50341
50353
50353
50362
50383
50412
50415
50417
50424
50441
50446
50498
50512
50575
50667
50681
50688
50714
50778
50791
50805
50862
50896
50940
51000
51007
51019
51060
51083
51146
51149
51154
51194
51200
51222
51227
51310
51328
51329
51367
51410
51421
51434
51461
51505
51508
51584
51606
51612
51613
51616
51648
51653
51671
51678
51679
51719
51765
51769
51787
51790
51822
51827
51861
51877
51886
51886
51921
51966
52055
52073
52082
52102
52107
52113
52158
52193
52227
52234
52250
52272
52277
52282
52287
52345
52364
52399
52424
52443
52487
52549
52555
52615
52684
52743
52757
52763
52777
52788
52980
53017
53120
53158
53192
53202
53211
53222
53224
53305
53310
53357
53374
53391
53399
53426
53459
53466
53480
53486
53535
53600
53607
53630
53642
53645
53655
53657
53719
53755
53812
53867
53896
53906
53950
53979
54017
54018
54057
54079
54128
54168
54221
54230
54262
54277
54303
54310
54343
54347
54355
54387
54394
54409
54428
54435
54460
54489
54492
54520
54711
54793
54807
54818
54857
54880
55018
55156
55163
55170
55183
55201
55264
55280
55286
55292
55362
55398
55401
55444
55448
55468
55505
55552
55558
55573
55584
55617
55619
55694
55749
55794
55795
55806
55837
55850
55905
55955
55967
55991
55997
56055
56058
56112
56150
56151
56156
56203
56206
56218
56247
56250
56254
56258
56262
56285
56287
56300
56306
56328
56343
56375
56413
56446
56451
56502
56507
56522
56535
56627
56722
56735
56790
56836
56859
56867
56986
57020
57061
57064
57069
57110
57116
57145
57156
57218
57221
57255
57285
57342
57401
57422
57505
57521
57532
57553
57620
57626
57639
57640
57651
57674
57696
57741
57760
57787
57806
57828
57883
57894
57916
57934
58074
58241
58305
58326
58344
58358
58420
58440
58481
58505
58595
58626
58636
58647
58667
58667
58823
58884
58894
58895
58908
59024
59046
59057
59106
59151
59245
59247
59302
59353
59360
59389
59392
59416
59453
59478
59480
59489
59498
59502
59516
59529
59537
59541
59551
59557
59586
59592
59675
59702
59706
59742
59789
59794
59815
59854
59908
59947
59958
59963
60016
60027
60072
60101
60139
60178
60208
60237
60240
60331
60346
60349
60371
60411
60500
60573
60614
60619
60650
60679
60809
60816
60891
60946
60972
61025
61028
61134
61155
61236
61254
61266
61284
61307
61321
61347
61349
61372
61388
61417
61480
61546
61556
61560
61579
61590
61702
61765
61775
61786
61809
61842
61842
61940
61942
62017
62031
62070
62116
62132
62164
62166
62207
62294
62296
62389
62390
62402
62413
62440
62451
62479
62500
62505
62583
62586
62609
62615
62654
62695
62718
62747
62760
62834
62836
62848
62890
62919
62927
62928
62988
63003
63040
63053
63112
63129
63140
63143
63173
63180
63205
63207
63253
63258
63353
63384
63499
63548
63563
63603
63604
63654
63672
63677
63757
63841
63897
63929
63947
64034
64134
64180
64305
64332
64409
64415
64504
64554
64661
64662
64675
64723
64774
64782
64807
64852
64869
64871
64942
64945
65025
65073
65100
65106
65167
65178
65202
65263
65271
65287
65324
65331
65395
65398
65442
65467
65471
65505
0.000214 seconds