183
1060
1726
1812
2247
2293
2538
2946
4009
4516
5171
5204
5251
5270
5485
6861
7139
7163
7244
7388
7583
7616
7789
8123
8257
8640
8739
9033
9067
9122
9151
9165
9791
10441
10584
10672
10822
10853
10909
10918
11297
11468
11796
12330
12513
12663
12671
12701
12714
13100
13378
13449
13646
13941
13974
14322
14510
14687
14691
15032
15258
15777
15811
15852
15909
16071
16117
16407
17648
17843
17851
17948
18232
18841
18866
19276
19299
19678
20332
20334
20524
20696
21089
21319
21562
21622
21623
21627
21935
21959
22170
22514
22596
22731
22911
22926
22961
23026
23087
23135
23353
23563
24220
24340
24394
24598
24721
25059
25164
25798
25821
25902
26224
27049
27396
27434
28286
29106
29149
29212
29263
29349
29675
29839
29897
30011
30454
30555
31311
31374
31773
31940
32276
32357
33122
33446
33524
34006
34041
34826
34939
35125
35288
35977
36442
36455
37184
37264
37342
37617
37619
37714
37912
38048
38065
38079
38599
39036
39236
39277
39397
39463
39618
39846
39904
40644
41328
41507
41814
41876
41908
41936
42178
43383
43668
44329
44582
44635
45150
45218
45367
45790
46501
46623
46637
46985
47043
47125
47413
47799
48242
48365
48691
48929
48938
49166
49199
49630
49988
50162
50334
50362
51434
51653
51719
51765
51827
52082
52107
52272
52615
53158
53211
53719
53979
54128
54310
54343
54489
54818
54880
55905
56203
56287
57218
57342
57505
57674
57894
57934
58074
58241
58344
58895
59389
59529
59586
59675
59702
59706
59742
59908
60331
60371
60411
60946
61347
62390
62615
62836
62890
62988
63499
63548
63947
64869
0.000139 seconds