45    49
83    10
123    125
94    72
56    81
4    120
100    69
35    83
10    78
12    85
100    51
37    3
21    17
15    17
90    48
57    42
35    39
25    90
75    118
103    101
67    57
52    35
124    105
118    110
2    66
26    62
127    91
95    9
16    28
110    80
116    119
114    58
96    76
19    3
63    14
82    48
29    38
18    68
99    30
55    0
6    84
119    82
31    64
65    35
3    30
39    77
14    115
31    113
100    37
53    5
55    101
29    3
126    110
32    71
49    33
77    104
21    66
75    29
15    27
18    91
109    41
20    37
101    92
104    100
27    104
88    118
36    30
14    89
4    123
48    88
94    10
114    24
74    52
102    40
73    85
71    3
15    76
68    7
43    90
27    127
11    19
94    58
125    105
61    47
108    31
104    22
7    90
106    8
90    40
39    104
29    7
91    52
54    13
102    90
3    12
92    44
41    64
8    11
15    75
60    5
20    68
110    17
78    107
27    48
87    79
80    122
15    106
43    114
59    82
51    65
22    77
114    48
21    126
14    109
117    78
118    34
49    18
11    108
108    12
77    21
104    45
58    47
48    122
93    91
101    71
111    37
77    6
3    49
54    21
100    66
65    36
80    46
77    114
10    55
49    120
29    63
26    28
61    123
79    75
120    13
45    102
124    5
56    72
35    36
120    72
15    74
15    86
39    124
99    24
77    26
93    48
118    123
57    49
30    15
3    14
32    33
105    94
121    101
29    36
55    67
99    123
29    23
67    40
9    27
29    66
47    95
41    37
120    44
60    49
28    101
35    96
7    10
47    62
126    58
69    121
18    116
3    93
62    85
30    81
104    123
123    66
119    125
13    25
76    36
70    93
81    23
127    77
80    28
48    63
103    85
50    15
88    60
8    14
27    34
49    1
15    64
24    115
96    127
56    82
122    72
0    78
21    11
75    37
80    68
25    54
116    94
46    101
91    39
103    56
30    29
40    7
62    126
32    111
28    34
122    91
117    118
60    104
77    49
45    84
46    1
20    52
31    49
79    67
42    123
28    49
92    46
103    125
69    64
91    88
62    68
43    62
72    105
93    118
32    92
4    100
37    29
83    25
48    118
98    43
41    33
77    20
85    0
69    79
46    51
44    118
51    113
2    56
116    72
4    111
80    99
93    22
60    98
118    124
95    70
101    4
76    59
107    51
78    72
40    115
23    45
94    88
60    28
35    30
41    14
76    28
120    21
40    80
99    53
79    113
57    94
64    122
97    57
25    51
19    63
110    40
109    30
9    65
23    111
102    21
97    1
41    100
121    75
15    41
69    107
33    62
11    7
124    101
33    86
93    29
119    60
11    38
98    64
118    66
0    105
9    19
123    35
79    97
92    23
84    81
46    67
61    32
36    107
63    79
34    29
78    29
25    106
18    112
91    77
41    4
23    120
39    120
30    64
19    26
8    72
97    74
126    98
28    122
63    65
8    100
87    90
125    99
30    2
94    65
56    124
73    23
98    11
71    116
16    8
90    32
90    119
126    36
90    68
110    86
50    1
86    125
47    4
23    12
17    80
96    94
41    19
90    7
123    94
77    101
2    12
100    79
47    36
99    77
79    16
46    11
105    27
18    5
22    15
61    108
121    110
73    126
106    85
30    91
7    101
22    126
36    88
93    44
52    29
11    93
96    28
6    87
57    48
82    112
55    41
107    113
4    74
74    70
123    30
101    1
41    48
32    40
4    106
24    121
9    121
116    45
69    126
4    42
49    13
73    34
41    106
19    22
25    121
96    29
67    27
58    87
37    125
47    3
31    15
64    18
40    91
6    49
3    9
75    90
97    26
50    34
24    95
105    15
59    21
21    54
84    22
44    122
112    56
62    120
2    54
8    91
74    42
57    110
49    108
57    41
21    112
116    46
107    73
114    28
126    114
99    0
9    48
8    60
99    73
109    100
1    70
85    24
117    81
78    87
93    12
82    127
92    97
85    39
24    29
70    106
46    62
24    43
75    108
10    117
13    86
15    40
10    28
31    46
59    32
55    69
77    46
35    16
10    97
124    16
76    18
34    96
26    41
84    93
124    67
127    115
32    36
57    121
104    108
92    126
107    57
26    95
49    42
57    72
19    66
117    67
7    47
113    80
82    63
23    0
110    19
111    81
72    28
11    120
91    74
67    102
36    55
27    120
87    104
122    3
124    28
106    34
0    99
58    102
107    44
7    33
95    75
62    79
3    113
24    123
34    73
38    7
53    55
85    104
47    58
121    46
126    10
34    78
126    13
124    25
106    97
58    43
96    47
33    32
111    86
74    125
43    95
51    75
103    10
115    0
48    98
125    42
14    63
30    8
60    103
21    96
30    38
44    33
79    12
120    62
27    79
77    111
32    120
12    109
113    73
104    38
106    41
45    37
46    60
44    113
56    21
110    112
31    92
111    8
10    68
84    46
109    40
72    56
108    125
32    58
53    98
119    126
62    29
127    51
48    7
23    91
28    60
32    13
26    51
21    23
10    50
18    126
35    40
12    72
37    32
126    55
56    74
107    28
61    93
120    76
30    119
58    97
120    51
90    114
14    71
62    56
122    106
120    98
110    28
96    125
127    94
48    41
119    98
59    45
31    10
6    79
88    10
65    93
21    62
23    19
61    86
58    67
31    93
76    15
109    98
96    9
3    102
76    124
14    91
123    77
87    126
22    54
62    117
23    33
55    110
55    111
123    59
56    34
79    81
124    60
82    36
16    23
102    33
123    44
108    112
10    89
25    120
37    47
60    121
27    17
59    14
55    116
114    40
66    31
42    73
97    82
71    13
86    69
120    46
16    127
29    84
123    63
95    13
110    127
16    10
12    21
65    28
79    121
8    9
20    39
67    127
22    13
52    94
36    61
56    86
16    63
50    70
78    118
13    29
82    92
123    15
45    27
51    5
69    117
82    16
34    32
29    117
23    2
116    73
123    55
69    34
100    93
121    104
59    22
119    107
29    30
43    66
59    72
118    70
92    76
85    83
62    58
43    69
19    56
41    36
51    95
77    27
103    53
62    11
48    125
3    76
5    20
1    45
2    73
11    87
61    69
82    123
39    109
71    110
110    50
32    53
58    62
99    52
43    35
27    44
40    87
46    38
76    50
33    7
110    6
123    33
21    29
45    101
92    82
85    105
19    77
113    107
115    7
62    91
49    125
2    111
106    28
73    94
101    2
46    19
61    76
66    92
77    120
26    122
52    24
44    9
93    42
73    102
15    38
8    43
64    105
76    56
47    16
91    80
40    60
47    80
83    95
73    109
51    49
69    35
18    107
109    58
6    17
95    78
109    14
110    109
66    70
100    4
40    16
103    113
21    47
101    17
107    25
65    103
10    14
99    102
25    79
97    123
118    36
78    73
61    67
76    20
52    113
91    107
80    88
64    106
65    61
54    77
104    101
113    46
56    80
102    55
42    28
28    76
98    8
110    107
92    113
11    102
93    77
73    55
123    99
64    92
105    103
112    21
100    11
41    57
45    23
19    50
83    16
60    55
81    8
31    87
44    49
51    35
127    82
102    65
48    82
112    14
49    38
110    34
111    20
66    6
82    73
60    51
119    120
10    77
82    28
89    31
43    54
114    74
80    38
39    9
67    112
53    30
110    83
21    67
119    35
20    27
43    75
61    64
96    85
41    82
38    117
108    10
13    54
56    91
13    61
44    97
78    89
93    13
7    92
102    29
28    79
63    110
99    117
124    122
89    4
115    112
91    15
62    63
71    83
115    117
21    127
17    43
123    29
27    59
78    60
47    92
13    68
26    92
30    55
121    16
18    19
65    89
101    35
85    113
25    18
81    80
118    22
56    76
60    107
12    114
49    111
102    84
48    92
47    39
63    80
114    96
42    78
116    1
50    116
97    89
122    54
44    96
70    48
96    108
95    107
44    91
4    122
4    119
107    96
91    48
45    24
79    45
27    53
75    57
96    10
97    120
123    48
12    97
126    48
40    92
117    13
102    12
74    80
67    85
76    3
9    96
89    85
19    72
64    48
121    32
27    52
107    47
48    34
67    125
37    41
91    63
75    100
43    56
98    78
60    94
70    107
37    126
