82    189
171    216
69    175
222    172
123    166
138    45
184    5
34    124
139    207
145    134
89    64
87    1
11    164
176    130
42    124
183    252
205    168
224    52
39    170
148    100
230    159
122    121
226    79
109    38
249    166
17    63
34    211
157    114
208    92
126    171
118    30
88    218
64    85
8    131
167    80
185    173
174    127
49    54
86    205
230    26
224    152
75    218
24    28
29    146
87    146
2    81
20    96
25    200
1    134
121    134
177    135
25    192
23    69
48    200
86    187
179    59
136    5
152    217
46    211
87    9
105    8
161    53
246    103
129    180
208    204
232    189
187    121
48    141
194    242
8    242
32    119
54    59
146    138
83    162
62    222
233    190
97    30
139    217
241    50
55    54
139    16
199    220
3    234
115    172
34    208
103    173
48    182
208    67
85    221
41    207
7    209
168    47
24    161
129    181
73    111
194    26
82    206
248    5
233    169
112    83
63    180
190    165
160    231
182    193
199    74
147    231
240    171
197    49
238    74
23    74
51    137
58    203
87    54
80    67
209    14
105    14
41    2
119    54
84    141
177    255
146    195
170    33
229    208
217    253
152    49
169    176
0    154
168    122
252    170
175    64
56    236
77    245
210    170
20    98
38    154
25    92
27    76
62    132
246    53
100    122
186    255
152    155
6    82
230    116
72    172
195    70
168    230
209    170
9    126
91    151
27    28
77    219
24    122
155    11
34    169
213    21
184    95
247    163
73    223
222    73
131    238
210    16
118    209
179    118
192    29
215    76
139    55
241    97
128    50
252    93
48    95
87    225
8    26
0    237
251    65
29    32
134    156
115    144
88    17
168    117
30    248
162    100
187    76
143    130
197    44
36    22
127    255
60    190
219    208
217    131
63    59
98    223
80    138
179    191
151    28
76    0
193    154
52    35
172    176
80    173
46    125
104    99
22    174
0    52
237    104
169    238
129    146
217    21
14    143
104    7
233    155
24    4
98    79
231    40
177    15
67    185
244    216
130    118
253    166
3    166
128    54
239    148
93    180
195    108
200    217
218    7
3    115
237    163
201    219
91    68
211    170
46    12
254    175
125    30
187    20
109    75
54    189
198    77
176    103
56    112
171    83
134    181
175    55
108    21
66    9
125    121
3    236
121    227
136    16
142    237
131    175
230    118
133    84
227    35
222    84
44    158
99    186
111    10
14    209
229    211
74    191
236    230
5    122
135    20
13    151
154    119
224    184
141    93
22    56
113    193
125    66
72    119
85    134
74    123
98    110
50    145
80    217
8    182
78    148
174    17
224    81
253    82
133    217
143    186
206    20
114    214
109    71
7    200
198    21
229    122
166    29
95    211
124    88
234    202
60    196
46    245
8    63
32    155
60    24
48    196
223    44
112    101
107    140
230    49
187    98
41    239
1    52
85    239
43    192
30    221
249    99
108    74
255    98
48    175
189    104
250    237
47    249
62    139
253    131
149    141
14    218
24    16
214    1
83    156
153    125
225    90
135    49
89    83
7    247
2    52
68    26
161    11
193    146
159    3
17    183
153    227
168    40
110    209
2    161
132    249
143    44
160    187
120    236
174    75
50    18
190    0
25    150
158    66
177    17
219    51
9    159
46    38
148    2
201    176
226    183
253    79
89    55
208    119
187    3
172    78
111    20
171    178
28    136
189    183
247    173
253    63
235    148
63    255
48    98
152    138
114    195
172    150
234    243
114    53
25    74
21    181
205    170
192    169
146    183
175    21
41    173
189    239
147    241
91    118
173    111
54    37
214    75
232    183
178    107
3    154
135    176
12    201
186    214
60    255
238    72
14    41
18    2
254    25
233    181
242    148
51    40
152    90
235    182
207    57
178    80
215    151
42    111
232    160
238    145
124    47
63    236
76    31
155    20
190    113
130    182
123    20
144    126
36    177
31    163
162    200
6    89
218    114
209    211
175    32
7    0
92    193
35    67
118    163
181    148
222    28
176    8
14    88
232    250
193    62
156    82
146    165
102    82
116    71
51    104
151    48
116    208
138    228
9    214
5    165
194    186
166    201
0    136
191    94
64    147
253    228
24    8
126    8
176    80
143    55
209    18
24    254
81    7
170    178
31    180
57    213
0    78
107    8
1    176
13    19
139    211
200    146
246    235
246    57
172    222
187    157
121    37
35    164
143    60
86    213
9    78
136    12
170    184
177    12
158    88
136    139
61    100
158    210
5    37
215    146
159    135
7    169
11    20
217    185
12    68
9    31
138    43
54    206
53    241
103    134
212    80
44    65
204    56
44    202
179    222
118    196
4    197
122    244
47    62
24    51
223    198
198    149
11    181
131    213
89    199
142    29
10    218
240    254
212    255
55    16
168    79
101    21
154    125
202    252
189    207
9    37
39    101
221    80
108    45
65    206
228    171
52    107
124    30
224    169
236    120
86    229
10    137
177    176
183    98
253    39
159    5
207    125
192    188
216    8
130    99
151    183
160    118
85    247
191    73
153    185
13    120
75    43
155    128
35    28
75    193
98    44
54    102
5    149
79    81
153    14
232    171
30    75
53    152
242    65
79    211
204    53
177    191
3    48
30    40
25    180
164    192
136    65
78    141
43    54
62    143
235    25
136    132
236    89
105    112
173    130
199    133
97    218
84    221
112    135
128    34
83    148
224    103
163    109
243    254
155    198
70    201
157    73
222    42
220    135
3    174
59    213
50    208
50    195
130    66
2    96
180    79
211    169
112    15
63    3
119    238
4    36
163    50
218    151
210    62
207    88
243    145
121    149
200    65
237    165
224    150
53    9
65    199
155    85
113    101
132    22
213    58
236    150
167    225
171    39
253    139
164    220
45    203
155    55
70    81
13    146
125    90
53    160
20    243
234    43
120    199
200    142
219    210
15    84
5    103
225    69
237    45
28    203
80    181
115    45
239    56
71    171
81    182
74    188
182    23
163    173
69    177
224    201
50    178
1    28
174    103
69    31
156    7
141    117
49    73
80    45
100    185
220    227
36    152
239    136
95    236
72    36
191    154
172    8
131    201
156    103
60    34
139    158
82    193
187    145
10    115
235    134
100    227
149    31
107    108
22    158
9    114
252    137
98    135
51    248
211    217
48    77
98    240
125    213
147    13
65    162
61    4
223    145
252    61
211    192
218    246
230    176
168    35
179    172
218    204
31    130
241    85
10    27
60    101
180    167
185    119
131    204
0    155
1    205
0    47
132    16
61    12
250    113
220    57
248    191
203    228
231    121
192    130
53    126
54    147
71    173
246    21
243    31
234    178
53    45
176    135
34    105
13    23
46    195
45    106
208    188
58    247
155    138
252    8
64    193
175    155
225    142
149    143
254    147
114    83
65    209
102    171
138    36
202    23
251    130
227    116
161    5
185    31
235    211
71    8
221    204
76    94
155    97
77    60
45    37
21    214
248    22
242    104
134    136
117    43
39    0
60    77
113    186
17    92
58    140
188    115
35    114
96    71
89    50
99    43
20    161
51    231
252    135
53    186
133    242
0    200
135    119
69    12
186    89
17    216
34    116
84    133
144    123
193    95
209    190
142    154
168    191
107    196
38    101
220    81
59    207
192    106
160    73
150    85
41    212
134    58
156    100
29    237
198    52
50    126
85    228
161    171
229    101
134    142
130    11
77    121
192    129
96    28
51    159
203    234
25    182
167    246
153    51
33    173
96    85
15    126
116    217
218    80
119    227
201    177
182    185
148    63
188    96
226    36
48    233
75    15
119    157
114    241
225    174
157    226
48    188
229    55
124    72
120    222
113    233
2    126
237    155
244    66
41    196
131    107
145    92
152    82
212    81
140    115
72    217
100    115
42    127
155    108
40    0
214    198
48    173
88    189
48    143
202    164
203    255
94    71
215    25
251    29
184    144
22    126
37    167
193    52
169    220
219    123
28    51
115    135
206    156
255    24
218    197
67    6
117    67
111    217
120    81
127    170
111    48
6    15
95    31
177    110
153    132
181    125
89    125
218    75
148    214
126    203
82    57
20    53
189    106
224    71
251    214
205    36
241    119
11    130
86    30
217    105
234    198
55    193
203    252
38    61
205    250
236    248
186    91
122    82
92    153
90    116
225    68
100    221
253    16
154    187
244    217
100    64
74    78
41    253
15    59
41    14
139    125
127    148
195    198
147    239
220    31
107    184
111    214
75    188
55    25
242    12
188    53
218    40
219    82
236    36
9    187
91    22
25    113
128    33
254    94
43    90
125    38
196    179
166    173
181    231
151    85
158    254
218    116
145    183
252    27
90    246
171    195
213    175
255    200
196    207
112    139
197    241
210    90
29    116
146    135
2    38
226    187
233    17
232    74
67    130
184    208
82    70
163    87
17    121
135    72
252    68
174    222
195    7
69    103
146    232
106    82
110    72
153    101
247    124
236    184
125    46
241    117
34    181
138    189
62    88
71    101
71    224
13    139
167    152
80    179
219    230
100    233
199    236
160    110
160    181
139    2
236    163
229    120
156    226
48    178
7    242
24    225
194    44
21    116
11    22
255    67
127    219
252    99
232    248
241    98
221    114
193    123
207    16
140    212
185    144
231    133
244    73
197    60
239    135
178    50
86    183
114    125
132    41
20    19
53    18
248    181
120    42
52    57
222    100
57    206
103    191
48    36
103    158
251    190
153    67
189    57
14    78
148    6
234    168
72    193
250    144
79    14
50    29
116    43
104    176
51    64
107    42
222    181
224    195
164    239
22    104
214    182
225    131
166    93
181    144
3    36
74    63
102    100
190    197
119    76
204    9
233    161
166    232
2    51
36    35
214    24
88    44
125    221
156    204
107    27
227    173
122    107
204    42
167    84
175    119
200    239
132    216
145    141
187    119
130    183
26    121
68    230
3    55
165    226
27    255
20    70
83    96
209    9
43    220
142    211
114    80
202    235
204    75
239    63
239    160
15    206
151    107
118    63
141    148
39    179
198    4
107    155
212    122
60    56
171    40
97    124
224    187
230    207
149    179
206    247
94    42
36    155
73    49
138    31
42    211
49    213
85    249
198    30
213    225
193    8
148    220
47    225
18    14
111    232
175    41
6    132
3    240
242    254
62    26
106    23
106    124
247    253
47    239
122    211
1    18
108    176
53    187
108    3
128    202
89    178
50    244
197    89
186    53
83    250
203    98
16    32
116    131
206    178
97    194
134    93
249    107
195    126
193    84
50    51
60    219
185    44
39    183
139    193
84    110
157    208
22    134
85    83
203    194
90    110
13    80
216    255
198    215
219    249
32    176
194    108
40    165
180    77
219    66
252    49
214    159
84    250
177    164
234    36
94    32
1    48
186    32
228    147
247    41
85    230
143    72
137    156
122    111
35    179
80    15
37    255
57    227
18    52
212    129
41    192
148    14
83    215
125    225
61    196
129    15
44    231
224    50
227    44
75    107
221    77
144    158
188    232
152    1
99    195
212    183
240    191
86    146
159    128
149    175
95    207
0    132
161    145
58    21
162    223
201    247
101    254
239    161
67    62
223    5
151    100
252    88
188    50
115    120
27    99
52    120
148    249
242    227
93    37
246    117
197    210
73    175
200    183
134    209
131    203
168    30
12    198
59    165
129    189
71    25
168    50
208    251
197    106
29    217
120    73
143    251
78    7
191    242
113    110
32    41
15    236
227    79
71    178
10    2
69    34
50    217
113    194
132    19
2    212
220    26
112    92
57    71
10    93
233    116
139    86
118    144
169    114
153    253
198    73
211    60
79    55
203    96
32    105
167    195
255    3
72    186
167    35
252    167
79    174
172    208
99    53
114    55
112    90
164    10
211    152
17    157
124    45
83    71
193    100
196    118
146    91
144    195
84    247
80    14
44    23
98    169
175    126
200    59
220    8
251    164
149    3
189    254
140    164
185    140
104    79
236    24
191    85
5    173
241    228
248    63
145    114
32    159
58    129
226    38
69    167
137    2
244    105
62    220
38    60
215    45
244    91
15    106
180    120
219    228
91    181
247    195
175    83
125    182
121    74
71    231
190    120
18    13
73    44
224    33
44    22
188    171
62    199
0    9
141    247
71    170
13    210
7    192
249    254
135    156
219    145
71    113
189    103
12    95
4    229
246    147
107    161
183    97
170    165
91    229
118    50
138    123
95    230
233    68
34    160
97    72
249    144
183    204
155    47
26    112
60    76
100    226
154    141
19    122
129    139
97    119
1    231
130    208
58    94
169    161
118    171
238    147
44    111
2    167
30    122
152    201
67    77
214    179
83    105
245    167
68    102
95    80
139    13
248    14
2    202
125    198
216    48
31    141
248    190
46    45
80    190
153    211
207    151
38    86
164    58
169    252
206    221
241    170
80    38
232    99
255    94
138    234
252    150
33    144
209    91
78    20
73    50
188    83
33    31
24    219
14    126
105    163
90    170
54    169
49    191
160    92
108    247
24    100
63    199
153    176
33    102
162    13
135    115
226    204
35    80
211    87
33    221
250    233
36    146
197    76
225    243
48    67
124    35
78    223
139    145
77    6
46    250
199    61
66    247
97    206
205    6
154    103
108    254
247    174
194    147
30    86
39    167
197    216
194    116
72    46
125    155
129    186
102    64
119    18
224    0
129    13
101    238
8    157
180    44
200    212
243    192
12    141
65    46
160    219
89    164
209    240
128    32
195    239
36    137
64    6
103    14
207    101
18    88
62    180
144    80
137    76
9    112
45    242
13    31
194    139
27    140
181    251
121    163
213    150
75    112
187    160
220    201
246    206
102    255
76    56
247    31
121    230
41    66
149    91
112    23
137    56
126    187
161    240
68    56
94    46
54    127
61    35
185    209
118    116
231    75
5    53
123    156
58    200
122    147
97    89
2    88
194    134
230    4
213    185
176    129
26    61
191    177
74    158
34    13
234    175
188    227
173    188
252    161
170    248
225    110
156    239
185    232
123    203
215    179
206    152
6    131
27    201
20    175
87    248
125    135
24    202
113    222
137    115
179    66
135    211
74    152
32    139
131    251
29    43
110    85
251    17
116    56
47    213
57    82
130    149
1    51
197    69
212    4
116    244
181    34
116    124
176    219
205    169
130    31
135    187
230    234
210    138
192    165
77    195
33    120
184    122
116    203
185    158
93    53
28    251
141    244
226    128
48    243
55    105
67    102
136    13
16    33
236    148
83    46
27    71
162    20
139    49
81    189
38    50
173    139
167    100
237    176
99    180
137    188
146    124
209    38
21    222
104    162
184    47
139    136
6    184
57    2
0    169
42    126
31    249
65    151
17    188
135    185
104    217
239    147
234    238
202    240
137    21
180    210
238    150
222    36
221    86
83    134
221    158
212    99
60    177
221    225
21    102
171    118
118    84
18    153
253    124
232    63
176    252
227    185
33    43
99    49
37    27
5    142
41    248
250    234
234    99
58    238
181    1
76    40
133    174
28    153
119    115
72    208
73    131
26    209
101    109
161    241
89    22
92    9
136    186
160    178
113    13
54    176
254    201
34    139
47    187
121    107
207    110
228    30
9    4
144    187
76    70
10    253
169    72
75    7
124    65
155    65
23    130
163    212
221    233
143    85
28    100
99    51
113    65
217    254
88    130
19    144
155    27
190    1
194    47
156    161
154    255
160    182
63    158
82    198
219    182
117    87
126    45
34    186
97    181
105    195
62    84
235    45
5    133
122    207
139    70
203    231
27    246
164    18
169    62
136    64
186    183
50    134
77    115
210    44
153    161
182    255
118    200
230    24
220    217
9    234
253    238
209    2
104    152
237    25
62    181
97    191
12    35
83    27
145    128
0    130
15    232
185    4
108    133
235    82
45    155
63    27
54    146
102    208
223    58
206    26
159    230
177    183
140    184
121    82
31    87
148    147
160    83
225    62
126    197
104    89
205    188
90    177
112    85
205    29
41    53
202    47
35    214
69    138
212    134
100    117
167    118
122    128
52    40
203    105
1    11
181    156
206    138
43    236
199    172
74    108
81    100
67    59
138    133
163    190
49    232
101    211
76    64
34    110
144    118
155    49
80    192
141    151
59    68
133    79
57    180
188    33
108    197
29    161
231    27
193    37
120    146
132    184
209    30
226    2
107    178
19    208
164    154
50    101
58    3
4    210
191    24
189    204
88    250
125    179
240    82
62    200
207    194
10    36
23    105
191    253
214    190
75    148
126    243
96    88
14    87
209    163
37    119
80    12
29    154
11    57
190    214
79    228
1    182
166    248
189    135
222    212
95    251
5    192
14    186
94    85
145    198
160    21
124    70
161    23
207    35
206    243
53    30
36    192
179    225
110    115
205    173
102    203
133    182
46    10
127    186
191    1
70    247
185    152
183    45
172    182
230    203
223    229
253    119
72    114
163    144
171    26
176    159
173    131
0    99
130    225
97    84
103    119
24    166
241    177
57    118
186    5
103    42
220    166
198    31
21    146
10    81
166    187
128    140
236    246
3    80
185    64
14    138
66    82
50    57
23    61
30    118
73    66
210    175
43    156
48    76
226    117
127    156
176    6
224    91
178    30
254    119
245    122
31    217
160    213
47    186
54    74
177    104
97    32
92    103
239    0
24    190
238    232
201    21
238    207
198    107
149    227
205    43
69    152
0    53
135    237
222    49
67    214
177    24
177    250
186    200
45    24
21    246
68    15
82    85
107    240
199    113
203    210
167    239
239    241
252    224
49    101
73    61
240    29
152    145
104    240
96    133
63    239
115    199
183    128
109    158
227    165
59    114
224    225
145    67
93    179
135    34
255    13
35    31
52    8
79    46
99    85
129    37
111    8
53    143
224    6
222    95
43    84
86    169
154    107
12    17
61    52
218    140
41    117
172    96
40    210
241    30
249    167
22    188
201    54
153    252
102    229
194    106
153    115
139    218
120    75
7    70
67    38
15    103
6    222
139    194
197    187
162    90
201    156
86    123
162    248
155    185
12    137
180    23
138    100
159    224
182    202
229    117
20    128
126    22
48    72
164    202
42    128
234    180
230    197
251    90
215    119
238    69
34    132
141    81
27    108
101    156
94    34
165    174
93    81
175    210
15    161
71    107
43    6
179    87
104    73
188    206
96    8
185    139
4    22
182    179
166    64
85    34
37    5
127    245
9    6
106    4
207    120
235    163
204    190
31    251
27    215
228    0
186    133
125    236
210    154
152    219
46    52
12    1
60    158
160    246
106    130
206    159
36    199
139    96
188    129
97    73
99    64
130    187
132    124
102    153
183    75
54    58
208    140
155    183
107    35
111    125
149    137
243    95
52    194
194    12
134    34
176    22
247    52
247    114
14    93
17    126
19    23
69    228
203    226
144    100
113    170
215    208
192    36
